-1.404174508911943027e-04 -6.801026246978223423e-06
-1.272780309351516674e-04 -6.334846964606996264e-05
-9.476168454745581234e-05 -1.102516827968548350e-04
-4.781873070421929480e-05 -1.403700766758118174e-04
6.404191410861365162e-06 -1.491183988387902051e-04
5.965213343777810417e-05 -1.351647965402143572e-04
1.038185788967293009e-04 -1.006335792403227636e-04
1.321795868364147310e-04 -5.078181174675943087e-05
1.404174508911943840e-04 6.801026246978187847e-06
1.272780309351517758e-04 6.334846964606985422e-05
9.476168454745581234e-05 1.102516827968546859e-04
4.781873070421924058e-05 1.403700766758118445e-04
-6.404191410861432078e-06 1.491183988387902051e-04
-5.965213343777818548e-05 1.351647965402144656e-04
-1.038185788967293280e-04 1.006335792403228178e-04
-1.321795868364146497e-04 5.078181174675949864e-05
-1.414498468929156392e-04 -6.851029663650595690e-06
-1.282138215324773415e-04 -6.381422875480380504e-05
-9.545840410490583517e-05 -1.110622899954623240e-04
-4.817030998495038202e-05 -1.414021243664774833e-04
6.451277165266340651e-06 -1.502147671161456932e-04
6.009071584804447216e-05 -1.361585732726357354e-04
1.045818877666533289e-04 -1.013734709289071915e-04
1.331514153099626623e-04 -5.115517658905490290e-05
1.414498468929156121e-04 6.851029663650571973e-06
1.282138215324774228e-04 6.381422875480379149e-05
9.545840410490578096e-05 1.110622899954621072e-04
4.817030998495035491e-05 1.414021243664774833e-04
-6.451277165266428742e-06 1.502147671161459101e-04
-6.009071584804448571e-05 1.361585732726358167e-04
-1.045818877666534102e-04 1.013734709289072729e-04
-1.331514153099626894e-04 5.115517658905488935e-05
-1.419518676619524282e-04 -6.875344707151748199e-06
-1.286688662193450543e-04 -6.404071233819869828e-05
-9.579719628101922031e-05 -1.114564620462579281e-04
-4.834127161265499184e-05 -1.419039757631186064e-04
6.474173444017589072e-06 -1.507478955327881014e-04
6.030398428236688994e-05 -1.366418147406665156e-04
1.049530601707046102e-04 -1.017332563154136872e-04
1.336239840499122257e-04 -5.133673183040402091e-05
1.419518676619524011e-04 6.875344707151831208e-06
1.286688662193451356e-04 6.404071233819877960e-05
9.579719628101920675e-05 1.114564620462578875e-04
4.834127161265496474e-05 1.419039757631185251e-04
-6.474173444017611095e-06 1.507478955327880201e-04
-6.030398428236693738e-05 1.366418147406665156e-04
-1.049530601707046780e-04 1.017332563154137008e-04
-1.336239840499122257e-04 5.133673183040403447e-05
-1.419518676619524282e-04 -6.875344707151748199e-06
-1.286688662193450543e-04 -6.404071233819873894e-05
-9.579719628101923386e-05 -1.114564620462578875e-04
-4.834127161265494441e-05 -1.419039757631186606e-04
6.474173444017644129e-06 -1.507478955327881556e-04
6.030398428236693738e-05 -1.366418147406665156e-04
1.049530601707046780e-04 -1.017332563154137008e-04
1.336239840499121986e-04 -5.133673183040393282e-05
1.419518676619523740e-04 6.875344707151901512e-06
1.286688662193450814e-04 6.404071233819883381e-05
9.579719628101923386e-05 1.114564620462579281e-04
4.834127161265496474e-05 1.419039757631186335e-04
-6.474173444017600083e-06 1.507478955327880743e-04
-6.030398428236690350e-05 1.366418147406664343e-04
-1.049530601707047186e-04 1.017332563154136872e-04
-1.336239840499122257e-04 5.133673183040408190e-05
-1.414498468929156663e-04 -6.851029663650548256e-06
-1.282138215324774770e-04 -6.381422875480379149e-05
-9.545840410490583517e-05 -1.110622899954622834e-04
-4.817030998495029393e-05 -1.414021243664775917e-04
6.451277165266473635e-06 -1.502147671161460185e-04
6.009071584804451282e-05 -1.361585732726357896e-04
1.045818877666534102e-04 -1.013734709289072322e-04
1.331514153099627165e-04 -5.115517658905478093e-05
1.414498468929157205e-04 6.851029663650713427e-06
1.282138215324773686e-04 6.381422875480392701e-05
9.545840410490578096e-05 1.110622899954623240e-04
4.817030998495034136e-05 1.414021243664775646e-04
-6.451277165266384696e-06 1.502147671161459643e-04
-6.009071584804448571e-05 1.361585732726357896e-04
-1.045818877666534238e-04 1.013734709289071915e-04
-1.331514153099627978e-04 5.115517658905488935e-05
-1.404174508911945466e-04 -6.801026246978187847e-06
-1.272780309351518571e-04 -6.334846964606988132e-05
-9.476168454745582590e-05 -1.102516827968548079e-04
-4.781873070421919315e-05 -1.403700766758120342e-04
6.404191410861498147e-06 -1.491183988387905575e-04
5.965213343777827357e-05 -1.351647965402147096e-04
1.038185788967294228e-04 -1.006335792403228042e-04
1.321795868364147853e-04 -5.078181174675939022e-05
1.404174508911944111e-04 6.801026246978282715e-06
1.272780309351517758e-04 6.334846964607001685e-05
9.476168454745578524e-05 1.102516827968547537e-04
4.781873070421923381e-05 1.403700766758119800e-04
-6.404191410861432078e-06 1.491183988387903678e-04
-5.965213343777819903e-05 1.351647965402144114e-04
-1.038185788967293822e-04 1.006335792403228449e-04
-1.321795868364147582e-04 5.078181174675949864e-05
