-1.357291408670036281e+00 -7.328819555318347168e-02
-1.208030060907223424e+00 -5.755962242970266152e-01
-8.872411185139742473e-01 -1.004439711638260180e+00
-4.383421414433784635e-01 -1.287620864588217451e+00
8.603093810504068573e-02 -1.384064168714803200e+00
6.013818134402634241e-01 -1.249856193775343849e+00
1.028808032053153854e+00 -9.249064644176001604e-01
1.282822495767003579e+00 -4.559752635183635938e-01
1.357291408670036503e+00 7.328819555318359658e-02
1.208030060907223646e+00 5.755962242970268372e-01
8.872411185139740253e-01 1.004439711638260180e+00
4.383421414433786301e-01 1.287620864588217673e+00
-8.603093810504081063e-02 1.384064168714803422e+00
-6.013818134402629800e-01 1.249856193775344071e+00
-1.028808032053153854e+00 9.249064644175999383e-01
-1.282822495767003801e+00 4.559752635183637048e-01
-1.894081867677279041e+00 -1.003358099476736459e-01
-1.709962290482875735e+00 -8.191205298462970186e-01
-1.257678134131694936e+00 -1.407746780644863582e+00
-6.149361062359223196e-01 -1.800479954737333799e+00
1.060891653043419536e-01 -1.913060018551917763e+00
8.322306967145859380e-01 -1.724109028017318801e+00
1.428198833978295390e+00 -1.280282034016903436e+00
1.798481302400345871e+00 -6.529789230348952422e-01
1.894081867677278819e+00 1.003358099476739512e-01
1.709962290482875957e+00 8.191205298462972406e-01
1.257678134131695380e+00 1.407746780644863582e+00
6.149361062359224306e-01 1.800479954737333799e+00
-1.060891653043419813e-01 1.913060018551917763e+00
-8.322306967145860490e-01 1.724109028017318801e+00
-1.428198833978295168e+00 1.280282034016903214e+00
-1.798481302400345871e+00 6.529789230348952422e-01
-2.596748068616947069e+00 -1.427558862017445640e-01
-2.334198570624530067e+00 -1.121386482825925679e+00
-1.718858066425179132e+00 -1.930639898191136350e+00
-8.597329712867503027e-01 -2.445177512169245393e+00
1.472001271616417140e-01 -2.604383355560492053e+00
1.134724742949366538e+00 -2.353719504630601644e+00
1.944704706678929584e+00 -1.727522719296518350e+00
2.449380796044325237e+00 -8.643295760036999731e-01
2.596748068616947513e+00 1.427558862017446750e-01
2.334198570624530067e+00 1.121386482825925901e+00
1.718858066425179354e+00 1.930639898191136350e+00
8.597329712867496365e-01 2.445177512169245393e+00
-1.472001271616417417e-01 2.604383355560492053e+00
-1.134724742949366760e+00 2.353719504630601644e+00
-1.944704706678930028e+00 1.727522719296518128e+00
-2.449380796044324793e+00 8.643295760036995290e-01
-3.164711759410836045e+00 -1.738814633481158833e-01
-2.849248508613996922e+00 -1.365937288561485108e+00
-2.104769846419145995e+00 -2.346797558309388521e+00
-1.045933609059810365e+00 -2.986172645506444123e+00
1.783202376564781422e-01 -3.173135766363775367e+00
1.378399368416312276e+00 -2.865498713192656144e+00
2.365161939724581330e+00 -2.117382516776026513e+00
2.985471813858890044e+00 -1.045155816168718665e+00
3.164711759410835601e+00 1.738814633481161331e-01
2.849248508613997366e+00 1.365937288561485330e+00
2.104769846419145995e+00 2.346797558309388521e+00
1.045933609059809921e+00 2.986172645506444123e+00
-1.783202376564779756e-01 3.173135766363775812e+00
-1.378399368416312054e+00 2.865498713192656144e+00
-2.365161939724581330e+00 2.117382516776026957e+00
-2.985471813858889600e+00 1.045155816168719110e+00
-3.743626248874020401e+00 -2.020531531211134102e-01
-3.378350665121078400e+00 -1.624012293748757108e+00
-2.499631310542474338e+00 -2.791942056413409645e+00
-1.241966918567184441e+00 -3.537871737365764435e+00
2.062889726360721820e-01 -3.753617558009776367e+00
1.631999778274816348e+00 -3.392725886049049233e+00
2.802773102823737261e+00 -2.511428421854886128e+00
3.540274993674136006e+00 -1.244075803313086759e+00
3.743626248874020845e+00 2.020531531211138265e-01
3.378350665121078400e+00 1.624012293748757774e+00
2.499631310542474782e+00 2.791942056413409645e+00
1.241966918567184663e+00 3.537871737365763547e+00
-2.062889726360719878e-01 3.753617558009775923e+00
-1.631999778274815904e+00 3.392725886049049677e+00
-2.802773102823737705e+00 2.511428421854885684e+00
-3.540274993674136006e+00 1.244075803313087425e+00
-4.073159711642726499e+00 -2.224950572058147502e-01
-3.672037672062147706e+00 -1.771905524865818427e+00
-2.720676579577063769e+00 -3.039882079463089415e+00
-1.357265635982475738e+00 -3.846617293340308663e+00
2.264407579809476490e-01 -4.081029395915040325e+00
1.778716333247154724e+00 -3.686039130434701327e+00
3.048985160484200208e+00 -2.731550836004281724e+00
3.849541142307716601e+00 -1.361597178308536327e+00
4.073159711642726499e+00 2.224950572058149445e-01
3.672037672062147706e+00 1.771905524865817982e+00
2.720676579577063769e+00 3.039882079463088971e+00
1.357265635982475738e+00 3.846617293340309551e+00
-2.264407579809474269e-01 4.081029395915039437e+00
-1.778716333247154724e+00 3.686039130434702216e+00
-3.048985160484199763e+00 2.731550836004281280e+00
-3.849541142307716601e+00 1.361597178308536549e+00
