7.018512513872264158e+00 4.838195882300663442e+00
7.548688768066085686e+00 5.263251440274157034e+00
8.015800783118738337e+00 5.622524324090334424e+00
8.614948486182914422e+00 5.951886962050235930e+00
9.441904562513620647e+00 6.136515379380106161e+00
9.451597143576766058e+00 6.762699028893621289e+00
9.494771699288545364e+00 6.984252597226981329e+00
7.557347281121269411e+00 3.884659088247166547e+00
8.032936392613908794e+00 4.294124505185307861e+00
8.590464075521911269e+00 4.639323443291863747e+00
9.161297307001980528e+00 4.950222948633573594e+00
9.908250184399021165e+00 5.549659234415585729e+00
1.048990276917188247e+01 5.607246964145865320e+00
1.089745306293157512e+01 5.719654252351890733e+00
7.809945805897606341e+00 3.083906308134442220e+00
8.330859002647935441e+00 3.304874237490167399e+00
8.950025038725033966e+00 3.649786224280071600e+00
9.546561023761292120e+00 3.937884726559482296e+00
1.035630469145643140e+01 4.244632976997993801e+00
1.127123397364861113e+01 4.551258609483839201e+00
1.164418421280552707e+01 4.680796618619760707e+00
7.930386449135664151e+00 2.215198917328355943e+00
8.403253983233311075e+00 2.367007319145847166e+00
9.154707912478853515e+00 2.633755346196125835e+00
9.811094460018892960e+00 2.859857889683368182e+00
1.070594100154440120e+01 3.115592131752229044e+00
1.169174901528270105e+01 3.385750501341024066e+00
1.211187783081424563e+01 3.505338565745431456e+00
7.877493221649896959e+00 1.420267539332849660e+00
8.416873419413340329e+00 1.499231106029217830e+00
9.257192885675188165e+00 1.654731682106894031e+00
9.980675700223789804e+00 1.804248884004022946e+00
1.093190411571271525e+01 1.979332665856143647e+00
1.194097134389006243e+01 2.193999818219869002e+00
1.238330156231476309e+01 2.285812348165102925e+00
7.866976667348086316e+00 6.149794694572460196e-01
8.422719158179010179e+00 6.406366549070359184e-01
9.297363588688956071e+00 7.138529108191512540e-01
1.007251169995976348e+01 7.849314024724897143e-01
1.104631544206067595e+01 8.175309995790200901e-01
1.205736188177991686e+01 9.998819873147070103e-01
1.252235774455877859e+01 1.069547390961997690e+00
7.864058887739371784e+00 -2.058243583922736430e-01
8.414280573452629142e+00 -2.122329726511980874e-01
9.296923759574804436e+00 -2.104171105887686632e-01
1.008066883370469924e+01 -1.983335895623889178e-01
1.107481955031141574e+01 -1.768029523688662286e-01
1.209879115266715743e+01 -1.499776400345079752e-01
1.257095741109075782e+01 -1.441971510006132273e-01
7.826284210564340427e+00 -1.029481407126585868e+00
8.384806028664083755e+00 -1.072729152709151812e+00
9.257427642527513711e+00 -1.144473211285014225e+00
1.004259473055330787e+01 -1.183757601757931655e+00
1.102444637473880640e+01 -1.166725511237377333e+00
1.204789475348454530e+01 -1.301042556098525926e+00
1.252310459560605516e+01 -1.346149000123830985e+00
7.774931066470098351e+00 -1.847524248500551192e+00
8.332319746895350931e+00 -1.938718865123038704e+00
9.176519398796662230e+00 -2.084672450595749460e+00
9.913097338165808736e+00 -2.203103117502009045e+00
1.089706374145728596e+01 -2.299931502661290761e+00
1.193557666110300630e+01 -2.470179375601775362e+00
1.239198510414916576e+01 -2.543896257731163235e+00
7.759103914723375794e+00 -2.653537685333925200e+00
8.260205711205033552e+00 -2.815025404182811997e+00
9.044389793205207084e+00 -3.060995055997264291e+00
9.717354235208953028e+00 -3.245953809449871219e+00
1.068031384279712981e+01 -3.427112531122363137e+00
1.170937552467804821e+01 -3.630155878613682052e+00
1.215233544387374742e+01 -3.731203632896061606e+00
7.596201442952409622e+00 -3.504934916631885500e+00
8.137674323011049538e+00 -3.747991586789110041e+00
8.819996593012737307e+00 -4.063815627904254768e+00
9.462959227139947416e+00 -4.314863671800456046e+00
1.035257534344185792e+01 -4.531893675337752114e+00
1.135741654194209893e+01 -4.764636322639454136e+00
1.175298323150902036e+01 -4.876586200577116337e+00
7.323952068671958138e+00 -4.335102225635409035e+00
7.847517950562310496e+00 -4.726950255668798562e+00
8.459765559096515730e+00 -5.070506570546106317e+00
9.087255823442644598e+00 -5.318343811978710534e+00
1.002593486424762403e+01 -5.784875588364326582e+00
1.063417314012724901e+01 -5.810007842498610131e+00
1.108735308764697791e+01 -5.913826132190053819e+00
6.808922307134953833e+00 -5.223118745938637453e+00
7.391933631673492933e+00 -5.636423716333927025e+00
7.941958594881165290e+00 -6.011448583747688978e+00
8.524228714233380799e+00 -6.351003002779257223e+00
9.430926678038591859e+00 -6.407147572025148285e+00
9.707634845896711440e+00 -6.773467262844711456e+00
9.952706110134425188e+00 -6.828429015141059821e+00
4.763645357164860705e+00 -7.021916598584949654e+00
5.178645287046912848e+00 -7.579977312458853866e+00
5.517936444701438070e+00 -8.056833697074635481e+00
5.858601021284194132e+00 -8.651610600914494853e+00
6.030965285426527878e+00 -9.486567205038415551e+00
6.651417761258743511e+00 -9.486111322201344009e+00
6.865122630284004046e+00 -9.544244461714363581e+00
3.822958075135542977e+00 -7.565352196517730832e+00
4.215769090668205266e+00 -8.063105302076809977e+00
4.546458636008156695e+00 -8.621059360257254056e+00
4.844761569962933834e+00 -9.188142468188178924e+00
5.437633625718243380e+00 -9.929176345225924294e+00
5.486864213419354819e+00 -1.052535341932039614e+01
5.593299165277006324e+00 -1.093565247048537081e+01
3.019619959427666256e+00 -7.820000334574505274e+00
3.233037168373687820e+00 -8.350093881826007092e+00
3.560687669446328751e+00 -8.980090384979089180e+00
3.835049895852858270e+00 -9.567458662342495757e+00
4.138294135482454728e+00 -1.038458343152258223e+01
4.415888443427541610e+00 -1.130284559655894761e+01
4.544155094515532234e+00 -1.167872365293338000e+01
2.178549373235127096e+00 -7.940091672978923931e+00
2.313415440226232356e+00 -8.409920025293136092e+00
2.546909950800424038e+00 -9.177271556684724274e+00
2.754850726159690844e+00 -9.841022797304933789e+00
2.998596149913327125e+00 -1.074303697465314045e+01
3.255676766872894312e+00 -1.171998698087302238e+01
3.369256979145307085e+00 -1.214361894448282975e+01
1.401328466441633003e+00 -7.840292293914444599e+00
1.452371689709636815e+00 -8.401523887967288218e+00
1.575008821535432979e+00 -9.252994762859131583e+00
1.701323022436843857e+00 -9.983627833437175525e+00
1.846291297611009075e+00 -1.095257044947128833e+01
2.047515059943756377e+00 -1.197040102774792203e+01
2.136706934022678528e+00 -1.240405904445013974e+01
6.041585127489236262e-01 -7.777673054336033509e+00
6.095280727838785495e-01 -8.372660681305173824e+00
6.477800484565325867e-01 -9.265072167442760076e+00
6.915496049787391852e-01 -1.005589522954908510e+01
6.910572794720617473e-01 -1.104374731734871773e+01
8.402015846615188410e-01 -1.206968026246148007e+01
8.925497347023775285e-01 -1.253310489812077577e+01
-2.074538752929447893e-01 -7.746455510226481600e+00
-2.278063007324783451e-01 -8.346950862831238993e+00
-2.565315745591709162e-01 -9.246813456244488805e+00
-2.788148740639358469e-01 -1.004704808711075614e+01
-3.071645521602368589e-01 -1.105771504301590369e+01
-3.329201927105699954e-01 -1.209172253667728825e+01
-3.448732735079707568e-01 -1.255431515371868301e+01
-1.019585148086505244e+00 -7.723746863868155010e+00
-1.065013837871942926e+00 -8.318545669395083664e+00
-1.161725606281100776e+00 -9.206094636345003579e+00
-1.246708431619023782e+00 -9.995173337508189704e+00
-1.297459530055568244e+00 -1.098536923861355241e+01
-1.502782711167004237e+00 -1.200492456352991688e+01
-1.580693029174215392e+00 -1.246337197559703291e+01
-1.818175000779206130e+00 -7.722417871113073318e+00
-1.910498053000755370e+00 -8.284330097026719741e+00
-2.085907040874930729e+00 -9.130186375619565808e+00
-2.254450214498251892e+00 -9.860949629788709814e+00
-2.450482419619026686e+00 -1.082458938219023992e+01
-2.704245116912934233e+00 -1.183226235078971911e+01
-2.814403588048719485e+00 -1.226828439478395616e+01
-2.597389655009910925e+00 -7.747215538281825076e+00
-2.770495637344985163e+00 -8.225459743956852421e+00
-3.050697769544809645e+00 -8.987027918864068710e+00
-3.294628973342504263e+00 -9.648782729057627350e+00
-3.585778744796476847e+00 -1.055408065389573302e+01
-3.893056693914437982e+00 -1.152708653473122524e+01
-4.029747679078167444e+00 -1.193998918178069246e+01
-3.425048298842945815e+00 -7.582916490358286410e+00
-3.674831665724532126e+00 -8.110865098996423939e+00
-4.038326458286190856e+00 -8.734348492278389386e+00
-4.357313443791527519e+00 -9.326934990982817197e+00
-4.702363948400178906e+00 -1.014425154772362703e+01
-5.042098534868543425e+00 -1.105476105454336810e+01
-5.184468508467285019e+00 -1.142278718054040354e+01
-4.211157313324777718e+00 -7.291647619915308631e+00
-4.629981412058218559e+00 -7.784651985688483933e+00
-4.997579505644070608e+00 -8.340246001214749683e+00
-5.338700605377858288e+00 -8.910439822706806012e+00
-5.977713397691775121e+00 -9.631494374417513882e+00
-6.071583312202369243e+00 -1.024135439327863040e+01
-6.193046664234182153e+00 -1.063900286522178007e+01
-5.115670298300458718e+00 -6.741279232343008410e+00
-5.573819149447402310e+00 -7.277184512308563669e+00
-5.949791884224320704e+00 -7.748511633866036696e+00
-6.319932334790638429e+00 -8.328107087678946030e+00
-6.544659848572504046e+00 -9.135470399387704887e+00
-7.187825143330992539e+00 -9.104882396822105761e+00
-7.386921804000139424e+00 -9.160744785247455724e+00
-7.150000408880312186e+00 -4.900030125786250856e+00
-7.758910599587742318e+00 -5.283599066356626572e+00
-8.326226138615515637e+00 -5.645609066893401362e+00
-8.897924069524973945e+00 -5.928311052019836325e+00
-9.795236346706122532e+00 -5.950397024372136023e+00
-1.007291686323622493e+01 -6.309739547392485548e+00
-1.031536074669076442e+01 -6.362334918299794140e+00
-7.656433350129662863e+00 -3.996646674422402512e+00
-8.197414471227164157e+00 -4.349185885402925500e+00
-8.804517497800381065e+00 -4.656502972944313257e+00
-9.439821744137553594e+00 -4.881033253763966684e+00
-1.038382236489626109e+01 -5.312195748618789182e+00
-1.097027996199583910e+01 -5.307127904284117292e+00
-1.142717391625487799e+01 -5.394770067682290282e+00
-7.896592299583919505e+00 -3.151180267285296654e+00
-8.448402933845940765e+00 -3.339859415262730113e+00
-9.122116461409479626e+00 -3.638183497078635309e+00
-9.773656316125784116e+00 -3.855109819634368051e+00
-1.066588243423815818e+01 -4.038586532379609295e+00
-1.166318834213694444e+01 -4.236505911879587138e+00
-1.206305798376620331e+01 -4.341973661646677307e+00
-8.018582723008904622e+00 -2.271983912649505832e+00
-8.505451981077973400e+00 -2.404885233635278396e+00
-9.289999298015761298e+00 -2.613013366221450084e+00
-9.983899480281900551e+00 -2.769320868195000784e+00
-1.093961285251654658e+01 -2.919264626202373591e+00
-1.197471657443063897e+01 -3.096845998804998779e+00
-1.241811753352225089e+01 -3.187288219328745953e+00
-7.968687665513465745e+00 -1.467951727700790299e+00
-8.510106054196631575e+00 -1.517595187064754159e+00
-9.363464677053306318e+00 -1.620211169733709600e+00
-1.010446731715273572e+01 -1.707793150738267096e+00
-1.109895487820594084e+01 -1.793460645609701531e+00
-1.213739361371300518e+01 -1.939042992881406802e+00
-1.260654115267699815e+01 -2.003522505437569823e+00
-7.916145911052606010e+00 -6.417563791319134126e-01
-8.495021293539142704e+00 -6.396854519659428417e-01
-9.380111748194988053e+00 -6.738211761599988137e-01
-1.017221253276993131e+01 -6.923987405858595956e-01
-1.116695230935111560e+01 -6.634894460443671038e-01
-1.221176797764849375e+01 -7.865652183705614808e-01
-1.269025667907714805e+01 -8.258512881924060522e-01
-7.885736093476944930e+00 2.151160059942288927e-01
-8.466158219812939478e+00 2.260983992467887338e-01
-9.358718421880441340e+00 2.564755272208616987e-01
-1.015891843818463336e+01 2.818718489416147666e-01
-1.117497829735506798e+01 3.041615514548816068e-01
-1.221988846763396275e+01 3.333992265354526197e-01
-1.269742409498169700e+01 3.470797924067952067e-01
-7.867456728892971540e+00 1.058784205474045059e+00
-8.431685790735569341e+00 1.099811346774990151e+00
-9.310295912764203763e+00 1.185349596764873059e+00
-1.010296402929527915e+01 1.252099744600210673e+00
-1.109918068566540583e+01 1.276442490782057071e+00
-1.213697416239897109e+01 1.448505381228283762e+00
-1.261735445088624274e+01 1.512616898419872458e+00
-7.824312222976832487e+00 1.885519392879137168e+00
-8.383222695702050586e+00 1.977883702535296884e+00
-9.231067231487322999e+00 2.133653557078854401e+00
-9.968526152524413320e+00 2.262084045034732593e+00
-1.095162820193465869e+01 2.393619848333992994e+00
-1.200607837154306701e+01 2.586133691114596012e+00
-1.246427708076158858e+01 2.678121914983930374e+00
-7.814529989503456342e+00 2.696379096147607957e+00
-8.315930042729831939e+00 2.857944027266999143e+00
-9.098666001247714519e+00 3.114692398699034026e+00
-9.784942826532146753e+00 3.313970830220597907e+00
-1.073908791006174646e+01 3.497643129477550517e+00
-1.176714977255376304e+01 3.725972645809266570e+00
-1.221423351897108134e+01 3.838817700554142398e+00
-7.646111733877066108e+00 3.556181411443714691e+00
-8.204657417235219796e+00 3.790167204869996809e+00
-8.878777841783545455e+00 4.120390084557057797e+00
-9.520631183842017009e+00 4.372871773258266259e+00
-1.040818163089362791e+01 4.604304028344455624e+00
-1.140961450026380142e+01 4.847117328048771157e+00
-1.180316024753860660e+01 4.968061453460006938e+00
-7.386245239899855264e+00 4.392005796164467846e+00
-7.902209923714647921e+00 4.779667109439383665e+00
-8.506741353766420488e+00 5.120959798200966695e+00
-9.135995003758399235e+00 5.378141209287374380e+00
-1.007738204412472882e+01 5.850372107392384002e+00
-1.068131605430359699e+01 5.879368522186678270e+00
-1.113292027605880286e+01 5.987611950787381510e+00
-6.857370472791428639e+00 5.298054026267736916e+00
-7.437455398886258173e+00 5.695597670946610513e+00
-7.987900115657950550e+00 6.066971491902735991e+00
-8.566517598462175087e+00 6.398478029308556359e+00
-9.472155062219494326e+00 6.465338716186135315e+00
-9.748016074640565520e+00 6.828460667433168041e+00
-9.991981970866769203e+00 6.892116498603919617e+00
-4.785102320230294914e+00 7.092565320658950512e+00
-5.218321927833642349e+00 7.642431145606479070e+00
-5.560652250184584311e+00 8.113192935945873430e+00
-5.896022362787704196e+00 8.708973491639993014e+00
-6.092539319111645923e+00 9.541820496297932053e+00
-6.726444807932461245e+00 9.530604286308706818e+00
-6.939505413255155908e+00 9.570103180191836145e+00
-3.844040232522818901e+00 7.639566050752683246e+00
-4.250223298118463333e+00 8.131030933557427787e+00
-4.588392177449525988e+00 8.684490463779033220e+00
-4.898348105582592815e+00 9.257929000714515411e+00
-5.501002836836742738e+00 1.000382946880938384e+01
-5.569537339408326737e+00 1.058470757893834069e+01
-5.677294067892638019e+00 1.099068270419261317e+01
-3.049353814620924918e+00 7.898258704026855703e+00
-3.272974184239618722e+00 8.427031871210923342e+00
-3.608838439636452566e+00 9.050350965377502277e+00
-3.899446188749087661e+00 9.640035527793013870e+00
-4.215978045175267752e+00 1.045533052043693623e+01
-4.511274322158023153e+00 1.137746083679994058e+01
-4.650112252987666395e+00 1.175312954125792686e+01
-2.210442869063103721e+00 8.017585959358731529e+00
-2.353380904195356838e+00 8.494308444896512711e+00
-2.600394295666147659e+00 9.259218868779623079e+00
-2.827680031172825181e+00 9.923755837659149037e+00
-3.089937740334628646e+00 1.082759475868792620e+01
-3.365129314145911987e+00 1.180499995391381596e+01
-3.489336471389556937e+00 1.222807564494004851e+01
-1.428249061527043784e+00 7.922801996480139053e+00
-1.489717028156427814e+00 8.485839906857565396e+00
-1.630884051985768135e+00 9.338177946803474683e+00
-1.772963333937199071e+00 1.007245588804871872e+01
-1.952165868594375686e+00 1.104561457957795234e+01
-2.178223084315483060e+00 1.206756184601460191e+01
-2.277029450228313934e+00 1.250941374698227193e+01
-6.225068619216101995e-01 7.872780700706121237e+00
-6.394211313320606882e-01 8.464910000981598515e+00
-7.040329688818202092e-01 9.355062519372648211e+00
-7.762399207910711807e-01 1.014607829411884765e+01
-8.139341884580381103e-01 1.114853542503249351e+01
-9.967688422171218088e-01 1.218382455027733791e+01
-1.062795418289202098e+00 1.265654348033820220e+01
2.022070067031729035e-01 7.855617243591022536e+00
2.040077790653861689e-01 8.448341733805454723e+00
2.023976069617023366e-01 9.345225128977711293e+00
1.900393238829033160e-01 1.015174264873189713e+01
1.674489896181763637e-01 1.117711912770329263e+01
1.467239287845883144e-01 1.222607943485439286e+01
1.398045421425025692e-01 1.270094210213046182e+01
1.034295856144885395e+00 7.839276967840642207e+00
1.062998759112574465e+00 8.429198464002512381e+00
1.118350357217641866e+00 9.317831212439584121e+00
1.152518036150977698e+00 1.011752150425757613e+01
1.135390947552777030e+00 1.113013864847769518e+01
1.282216046578303459e+00 1.217734302629490095e+01
1.334703492411533299e+00 1.265044813462493778e+01
1.855240444072164596e+00 7.841676725192500363e+00
1.925371317119057402e+00 8.402686358951328316e+00
2.051881404467034820e+00 9.256575018376114627e+00
2.156567335003277019e+00 1.001129812137959441e+01
2.262719575183539167e+00 1.101404921321391406e+01
2.446616737168947786e+00 1.206043728097845147e+01
2.527138955839562939e+00 1.251523266628427500e+01
2.656890163506110625e+00 7.868213987106758900e+00
2.802950983407525687e+00 8.355147859355360751e+00
3.027762671020608476e+00 9.146469620502459819e+00
3.200332253337869748e+00 9.841261618562874958e+00
3.384161172094931835e+00 1.079879562222356526e+01
3.607037280795590384e+00 1.182705932635074575e+01
3.715043575924019681e+00 1.226952715268429195e+01
3.499125688791216771e+00 7.705596199371557375e+00
3.718280502659155218e+00 8.262996055427446862e+00
4.030860548475691196e+00 8.932517724746208643e+00
4.268991355003882937e+00 9.586250233120743758e+00
4.494419225678302432e+00 1.046974548803242477e+01
4.738640273809473946e+00 1.145264468575266115e+01
4.861826778813631122e+00 1.184909806996470394e+01
4.311975066094524855e+00 7.435082820171252216e+00
4.689312339275446995e+00 7.961048974732458205e+00
5.019981916528611698e+00 8.568608559067326880e+00
5.278070972586629495e+00 9.205330113253520352e+00
5.752541902298245802e+00 1.014111967912797319e+01
5.788298896156373274e+00 1.070608552069843711e+01
5.898103752606806971e+00 1.115312720436960348e+01
5.195986260466771256e+00 6.897537053992349065e+00
5.595697913157799519e+00 7.487930345782399577e+00
5.975099317068090166e+00 8.044042407233821024e+00
6.296678698649202488e+00 8.620942349770402302e+00
6.363732465886570822e+00 9.530004698729646506e+00
6.745576316470806688e+00 9.775642340737771718e+00
6.810810344951156559e+00 9.984947335707554217e+00
-3.361704349666953806e-02 1.831351981206031862e-02
-4.227765999337616820e-02 2.293309165408992031e-02
-4.381662726053751206e-02 2.821643833334363388e-02
-4.798112734561026799e-02 2.895025738297164405e-02
1.273843973587192702e+00 1.284370646806989313e+00
1.252447608599807083e+00 1.188358369494771472e+00
1.165875282267836877e+00 9.837980684172451529e-01
9.701484120491530305e-01 7.892317298400817194e-01
2.013766687801486821e+00 2.206075659966332481e+00
2.090077801180758588e+00 1.992342750160172038e+00
2.241768419529312162e+00 1.718282943539503060e+00
2.119833663736524265e+00 1.442123776621665909e+00
2.644406760800259271e+00 3.013797442336525023e+00
2.753188637272658834e+00 2.576729450640623753e+00
3.234355750567988075e+00 2.199403526097359673e+00
3.057138384125512420e+00 1.896560496991456457e+00
3.217923923844959067e+00 3.514422665558167402e+00
3.486577874737697869e+00 3.435695794692873672e+00
3.823013881039763806e+00 2.804606106610281202e+00
3.774252082273310993e+00 2.368605396396206153e+00
3.909658425464259679e+00 4.179831773423932084e+00
4.059934895870567217e+00 4.013351657076344559e+00
4.373870851846237251e+00 3.461301318083119583e+00
4.370889935653164748e+00 2.969309841651455173e+00
4.512255910114980395e+00 4.735409484740754849e+00
4.742398638342582906e+00 4.644867795887000383e+00
5.032141460777714848e+00 4.122300273140689697e+00
4.987095362332236270e+00 3.640922095926977242e+00
4.996654293818277637e+00 5.233850791382892886e+00
5.464902685741674482e+00 5.321873816961368853e+00
5.845580779801180071e+00 4.900073115836519833e+00
5.729258161305424757e+00 4.404762872949176788e+00
5.589083598623412641e+00 5.702955320315253651e+00
6.004159880994027532e+00 5.964350194506862657e+00
6.875314689264940604e+00 5.827685824446680485e+00
6.720881526442268772e+00 5.284116237650266612e+00
6.214514368213649220e+00 6.352524462300395136e+00
7.077465590333635426e+00 6.566844078433330623e+00
8.033427215995320836e+00 6.603648654632405801e+00
8.309350134266908938e+00 6.318739512361861266e+00
1.063998116256287574e+01 7.043221046187391643e+00
1.184292823655401428e+01 7.184743583428374158e+00
1.284490870529575446e+01 7.564567722552228091e+00
6.596429621871335414e+00 6.727959049978356809e+00
7.328863237457921898e+00 7.227814219180073607e+00
8.184540899516393964e+00 7.255975232752745363e+00
9.341723582879545518e+00 7.309549450058150377e+00
1.116984850438731947e+01 7.518197976740229826e+00
1.218556907308648185e+01 7.746940347923074732e+00
1.302607224152903065e+01 8.122053631973070509e+00
1.355770179694711786e+01 8.376861925200538295e+00
6.983681668411810151e+00 7.292326976831942531e+00
7.964455242047986161e+00 7.738085468872007766e+00
9.000655604935792198e+00 8.036859228020103885e+00
1.035313162380323249e+01 8.206943834920375380e+00
1.147914148896817998e+01 8.392876720955051439e+00
1.234421311813299837e+01 8.718754452532596844e+00
1.326060930239916580e+01 9.004707367268803608e+00
1.386384806453294871e+01 9.393660292715107829e+00
7.400875495840454121e+00 7.814264466354786443e+00
8.628210294613417375e+00 8.421404724758117410e+00
9.636944074646722314e+00 8.957798064484222778e+00
1.083468941602575164e+01 8.940800000563326577e+00
1.158602118294791161e+01 9.296239176562645312e+00
1.242542302307515989e+01 9.625386310961658864e+00
1.337556791292883496e+01 9.963491280262656957e+00
1.396734699789118395e+01 1.041969051856610484e+01
8.045699466522552967e+00 8.569280977027096569e+00
9.043009405351432051e+00 9.450778342064463544e+00
9.588898779647550441e+00 1.005219471940601750e+01
1.033591032908113405e+01 1.010646050625678249e+01
1.122562456407725406e+01 1.057266128463650645e+01
1.216762589760904234e+01 1.094774452917234164e+01
1.317548417395145677e+01 1.138198040139549327e+01
1.374116227373085763e+01 1.164027209793487216e+01
7.876104633036589142e+00 9.078583369444228168e+00
8.385981136737191477e+00 9.888050313978880013e+00
8.987139215307092144e+00 1.082371837217572796e+01
9.675452406895733048e+00 1.141397569955244684e+01
1.048644174437644416e+01 1.175656605583675329e+01
1.134966938691984595e+01 1.209283891403631372e+01
1.220363165551398232e+01 1.232420352451808476e+01
1.277232050303364375e+01 1.249632037421129382e+01
7.742393778962506801e+00 9.001564927013374628e+00
8.064696039197736255e+00 9.779263663782440830e+00
8.488872918189885652e+00 1.078722750772973349e+01
9.087308249835700735e+00 1.168349068071676733e+01
9.876872974460047416e+00 1.216795542011214870e+01
1.076971066669231725e+01 1.249749552131406638e+01
1.175167549628919517e+01 1.269597584918427202e+01
1.247923981946801097e+00 -1.271271713188644625e+00
1.153395125634323781e+00 -1.257203070277100210e+00
9.332356836362146746e-01 -1.166558093004119723e+00
7.363221319786966701e-01 -9.770433286749437007e-01
2.167768933753770444e+00 -2.026205811317954186e+00
1.953783556659308029e+00 -2.091989515178350967e+00
1.679782910775039051e+00 -2.246674986699976895e+00
1.398115279813650469e+00 -2.140059185866511005e+00
2.973422881623521086e+00 -2.649953145726164472e+00
2.536550226923015572e+00 -2.755730691656668174e+00
2.151552430237321900e+00 -3.242425960284279540e+00
1.858478470383689629e+00 -3.054533236087463077e+00
3.479918475449494952e+00 -3.211877708081669613e+00
3.385939087136354164e+00 -3.474855529052971903e+00
2.736482944716560173e+00 -3.827801160379078471e+00
2.305877984494367983e+00 -3.783531514179348854e+00
4.140706625447721834e+00 -3.917102669282870764e+00
3.971141150072875270e+00 -4.014768384113203581e+00
3.399874755942219995e+00 -4.350637872361951430e+00
2.904838199655617181e+00 -4.359721691514908848e+00
4.669039736342921465e+00 -4.535565352580340104e+00
4.570444731354630363e+00 -4.738856699176443144e+00
4.053242876663838423e+00 -5.008449775714422181e+00
3.564713983600796166e+00 -4.971501020226170908e+00
5.166344646166302290e+00 -5.047989045825279852e+00
5.238287463025117496e+00 -5.497381881674761495e+00
4.809218829708577836e+00 -5.847502836442274088e+00
4.306467742317868108e+00 -5.707155277419638573e+00
5.626967747887677618e+00 -5.632237209419660218e+00
5.882089156582321010e+00 -6.043853516074224608e+00
5.736522647164771449e+00 -6.885093300900313018e+00
5.175009930712596073e+00 -6.709166530544877105e+00
6.265085903812563473e+00 -6.261972529214819616e+00
6.498465616304294201e+00 -7.113788352069974508e+00
6.498986847527547184e+00 -8.051182845975098701e+00
6.210341785010925264e+00 -8.321442245753221556e+00
6.881627157213841883e+00 -1.068628393747220429e+01
7.000499147028433455e+00 -1.189309933712630674e+01
7.379164128038389059e+00 -1.288985804095113608e+01
6.658698598710700800e+00 -6.648059739008929547e+00
7.153250620445148478e+00 -7.377523815739558621e+00
7.159561610657370068e+00 -8.236319654258515754e+00
7.176169945392832261e+00 -9.365061503521035391e+00
7.340698461345311010e+00 -1.122484604958646237e+01
7.573509914018923261e+00 -1.224403168584725776e+01
7.937071696688450473e+00 -1.307010208421115927e+01
8.182359548511449532e+00 -1.360969991852000938e+01
7.208489477470910067e+00 -7.034226846498516927e+00
7.643035770342747171e+00 -8.034542301125103592e+00
7.922618358558231932e+00 -9.057391415159433024e+00
8.057690469501336494e+00 -1.041809137163930110e+01
8.234010222874649898e+00 -1.154435636143488431e+01
8.539809210255159044e+00 -1.238579685779145478e+01
8.817022446843862937e+00 -1.330600734024074328e+01
9.190007630828024077e+00 -1.392849264968158174e+01
7.713299218950955272e+00 -7.466533699464061868e+00
8.302301021684085569e+00 -8.685110698640276183e+00
8.830991499973691816e+00 -9.712588726356614188e+00
8.791919834227140740e+00 -1.090438842508463857e+01
9.125426161243105128e+00 -1.164332490160213496e+01
9.447531373961037815e+00 -1.248093764153953522e+01
9.761593909543277547e+00 -1.343767745298734084e+01
1.018477273090851654e+01 -1.404367642573160602e+01
8.466697901914580271e+00 -8.108745838703017128e+00
9.328828799459923715e+00 -9.118009547514208890e+00
9.926542721765969191e+00 -9.681012355371157341e+00
9.956457903003332888e+00 -1.041798659788729964e+01
1.042612374863169045e+01 -1.131504332545813440e+01
1.076591306934801828e+01 -1.227225118427602624e+01
1.116717700972412608e+01 -1.329732036673866702e+01
1.139866976176640456e+01 -1.386442821321845642e+01
9.001712582476107727e+00 -7.935356255237126177e+00
9.807231186089584440e+00 -8.467198888688175273e+00
1.073441715943714492e+01 -9.105015027438440711e+00
1.128801304852339626e+01 -9.827310108183306525e+00
1.162775385810651230e+01 -1.064336118620106220e+01
1.193626944523317235e+01 -1.151494460878866199e+01
1.214957955462001316e+01 -1.237068908413316137e+01
1.229565064691226794e+01 -1.294398328060512959e+01
8.927791416165124616e+00 -7.782398644276546484e+00
9.717078427270971375e+00 -8.163942062542790978e+00
1.073947959415513331e+01 -8.597133247250356547e+00
1.157862734149927597e+01 -9.230561989807592127e+00
1.204030210223041308e+01 -1.004680021049049365e+01
1.234789637253682315e+01 -1.094669456960826359e+01
1.252701891205843943e+01 -1.193404225730760793e+01
-1.355454379143756993e+00 -1.227997889697238554e+00
-1.338418562711837234e+00 -1.138545234647461601e+00
-1.256065624791117052e+00 -9.304929606562315492e-01
-1.062288970625329787e+00 -7.393091081563739619e-01
-2.089251045997310818e+00 -2.138802774398091078e+00
-2.175796123408004767e+00 -1.932580621634663487e+00
-2.350440191976564730e+00 -1.667237646808406470e+00
-2.236692973996321498e+00 -1.400197539052273399e+00
-2.699083669622852621e+00 -2.933063528955246468e+00
-2.830298920225041925e+00 -2.525174418594211101e+00
-3.366952073821129154e+00 -2.176885806002667234e+00
-3.189808879094329974e+00 -1.875668015361472651e+00
-3.202853985401695081e+00 -3.468242168442243312e+00
-3.490591145460811173e+00 -3.391853884742535907e+00
-3.913360424110717606e+00 -2.802892368049943350e+00
-3.901779145920207803e+00 -2.361934206460186036e+00
-3.814518310123299560e+00 -4.182447991667201492e+00
-3.915941467939504594e+00 -4.050536490963424718e+00
-4.371987960809578411e+00 -3.511864601273956499e+00
-4.451875401041935021e+00 -3.029154811659898971e+00
-4.477911437451840726e+00 -4.710469558530473222e+00
-4.448954167661494097e+00 -4.841448025385322040e+00
-4.821615493215059445e+00 -4.331259715686352152e+00
-4.932187206676942104e+00 -3.807363457845915455e+00
-5.318994282455498102e+00 -4.945596454257481511e+00
-5.257655218423139765e+00 -5.535910902224536301e+00
-5.265989323145111811e+00 -5.494612946632334349e+00
-5.351960646906823271e+00 -4.829602746770181199e+00
-5.983584887002015407e+00 -5.314196667532463891e+00
-6.172239001099041111e+00 -5.835103171600528604e+00
-6.116559263655632961e+00 -6.646122753384764437e+00
-5.786275047770217839e+00 -6.307653652456816751e+00
-6.653458069356839921e+00 -5.921555790695951060e+00
-6.876664735176993837e+00 -6.819103358969526241e+00
-6.939539195406762673e+00 -7.736641560225984371e+00
-6.693884319881201250e+00 -7.979017623660379144e+00
-7.473081007913430440e+00 -1.029561836674381148e+01
-7.645475580864946608e+00 -1.149366087729645969e+01
-8.046369889316968838e+00 -1.248358460580874763e+01
-7.053485619610378343e+00 -6.290302448915582545e+00
-7.569219453922581664e+00 -7.013351616217698314e+00
-7.614030186807388745e+00 -7.860111588413301043e+00
-7.691980313077250386e+00 -8.989785122257064387e+00
-7.950116357755878660e+00 -1.081855889963622985e+01
-8.203220198392511264e+00 -1.182512854602973995e+01
-8.605543855448576807e+00 -1.264879935283731349e+01
-8.879064047054624709e+00 -1.316346905394629374e+01
-7.618057222970848308e+00 -6.657412812490263399e+00
-8.087104247035354021e+00 -7.632307499379563431e+00
-8.423463381835784247e+00 -8.653277151676499912e+00
-8.616515258050903014e+00 -9.988154964542955483e+00
-8.825759953508809375e+00 -1.110254886103758842e+01
-9.179493419396747456e+00 -1.194433043434053410e+01
-9.495112664418471127e+00 -1.283992035078813743e+01
-9.903221231908640121e+00 -1.343482274398721543e+01
-8.138894518035602488e+00 -7.060484053381280489e+00
-8.785547102857005797e+00 -8.271243810091512216e+00
-9.349165553360474945e+00 -9.264146146066623899e+00
-9.357627182426064394e+00 -1.044795829891520000e+01
-9.729328279387461365e+00 -1.118355352999301466e+01
-1.008980855045883374e+01 -1.198583061729837951e+01
-1.045157168659449454e+01 -1.292069438610774590e+01
-1.091991854117011584e+01 -1.350247632119027585e+01
-8.914537821335276391e+00 -7.669055876170424391e+00
-9.817950127243527447e+00 -8.649016700386264134e+00
-1.045374872305127134e+01 -9.171335115655315562e+00
-1.051341557197819121e+01 -9.911474222820231716e+00
-1.101045556240059398e+01 -1.079158979105016947e+01
-1.140710253821446329e+01 -1.171743336363258514e+01
-1.186276551797475243e+01 -1.271198679000331744e+01
-1.214444847466783806e+01 -1.326845690836086256e+01
-9.423862733368780553e+00 -7.480240018682880354e+00
-1.022878920632920163e+01 -7.972024848704158728e+00
-1.117558810350358911e+01 -8.531602165793179537e+00
-1.179337395220585627e+01 -9.216458312388258634e+00
-1.216586647369592988e+01 -1.001949232002047729e+01
-1.252736907706110792e+01 -1.086999665655685732e+01
-1.278688057060772465e+01 -1.171709153491253197e+01
-1.296917210200453319e+01 -1.227969840819881320e+01
-9.343673169152200586e+00 -7.332779135277686322e+00
-1.012619350976211940e+01 -7.653457189930701787e+00
-1.113927897222077412e+01 -8.045849203685568440e+00
-1.203393103259381647e+01 -8.616197900665540033e+00
-1.254411791127685305e+01 -9.397352124867774492e+00
-1.291204365209127047e+01 -1.027388990141073855e+01
-1.314964791847148717e+01 -1.125121901285657877e+01
-1.329805532385406996e+00 1.331545386863863145e+00
-1.233951291774377568e+00 1.312743647181375595e+00
-1.010873410459648181e+00 1.218962837510642938e+00
-8.240271403102398251e-01 1.039426264202328865e+00
-2.243576390460557235e+00 2.078614464232248160e+00
-2.034571716949477249e+00 2.147655807161000574e+00
-1.753908680082511662e+00 2.311591262311067485e+00
-1.487354973103922617e+00 2.185964111861469661e+00
-3.043983517672278705e+00 2.725636029019866680e+00
-2.599053130326236083e+00 2.840839624563179289e+00
-2.216160458600174188e+00 3.306509659544653257e+00
-1.929182990976359369e+00 3.121642570651699700e+00
-3.540711865963415139e+00 3.286243149583457424e+00
-3.420724954224122705e+00 3.560812620079333080e+00
-2.790113219505514497e+00 3.911914464647040290e+00
-2.361023065611360661e+00 3.855323623389566023e+00
-4.181627648670108499e+00 3.978918138990166220e+00
-4.012345493526600748e+00 4.097723403424600619e+00
-3.443101798209452280e+00 4.438876248177241024e+00
-2.952751193313976952e+00 4.447514163777695373e+00
-4.732070902815586066e+00 4.593765901444126776e+00
-4.633127764435936768e+00 4.805744042202251265e+00
-4.101954157031979520e+00 5.085538768146345312e+00
-3.624953225799932177e+00 5.051241053923876123e+00
-5.222465530384494237e+00 5.113638453284472085e+00
-5.297008273837280790e+00 5.544070671693251739e+00
-4.855153121849077991e+00 5.914545624901803578e+00
-4.369399517011830270e+00 5.792021867376296207e+00
-5.664487803542191280e+00 5.707239787714550872e+00
-5.926313335616964828e+00 6.106346788436654904e+00
-5.769452581925607504e+00 6.965276362409325017e+00
-5.210019002917996467e+00 6.786528790145686330e+00
-6.303973271398152889e+00 6.327373082664662363e+00
-6.525129196616536120e+00 7.192493873029500051e+00
-6.544280564017833868e+00 8.118687950002691167e+00
-6.250320344515687410e+00 8.389763846552456883e+00
-6.951749237938109616e+00 1.073244353712526689e+01
-7.070617682228967027e+00 1.194235014524777583e+01
-7.449190582027619634e+00 1.294167374631412848e+01
-6.686045881750186659e+00 6.706698442398151272e+00
-7.187395544538911274e+00 7.432914326297289875e+00
-7.202655100863490034e+00 8.286517052495375069e+00
-7.222806485771983809e+00 9.421357146207588684e+00
-7.410141877219381890e+00 1.127309061451913230e+01
-7.631715460551297348e+00 1.229215042854115580e+01
-8.011031341690056706e+00 1.312050498395452358e+01
-8.260792987737998416e+00 1.366490636695674077e+01
-7.249579785160471523e+00 7.079970185727148646e+00
-7.685242946282168752e+00 8.073971406360840319e+00
-7.973192068469137084e+00 9.103175885359791053e+00
-8.118873918381638077e+00 1.046425274641123693e+01
-8.300065910653781742e+00 1.158458311532531049e+01
-8.606170884898107332e+00 1.243236254109968897e+01
-8.890009647610229493e+00 1.335676830108907431e+01
-9.270990197227591878e+00 1.397980799314481715e+01
-7.758694334104208501e+00 7.500787540543323750e+00
-8.353400028673481970e+00 8.725272271990144546e+00
-8.887918511062029125e+00 9.755056468470161946e+00
-8.861394511920018147e+00 1.094818805650884030e+01
-9.193259002449224226e+00 1.168069274481035968e+01
-9.512092318552216597e+00 1.253027041761523641e+01
-9.831300196466058239e+00 1.348833319695743427e+01
-1.027911949403339698e+01 1.409271963727143273e+01
-8.511424854200740242e+00 8.158646709191392787e+00
-9.384541067982821616e+00 9.165736766794127632e+00
-9.985106342638857768e+00 9.723487604386267691e+00
-1.001682857386089687e+01 1.045925193258298869e+01
-1.048567540668183362e+01 1.136053695241563588e+01
-1.082250858512780312e+01 1.231797015976635379e+01
-1.124064002301833831e+01 1.332737470106392230e+01
-1.148334033970882651e+01 1.388566833424488500e+01
-9.041608201002635070e+00 7.989434207698670853e+00
-9.840605588416229565e+00 8.515579733228937798e+00
-1.077756745596708399e+01 9.138512158885042425e+00
-1.134403019991440331e+01 9.858015362846954233e+00
-1.168755902658992163e+01 1.067674382915973119e+01
-1.199341415272481370e+01 1.154363543548216953e+01
-1.221276995406758026e+01 1.239743688985539372e+01
-1.236392667288618874e+01 1.296126886748813867e+01
-8.968428146793964828e+00 7.839643413737512390e+00
-9.751761397764367345e+00 8.199958122882959444e+00
-1.076022634139900447e+01 8.635030947701224591e+00
-1.162030291229500634e+01 9.260530318221647406e+00
-1.209475382505960006e+01 1.007556239226703987e+01
-1.240511235849685612e+01 1.097253918388463134e+01
-1.258876961220692614e+01 1.195557883462309690e+01
1.339771266536916094e+01 1.185725535041681233e+01
1.247395183104620209e+01 1.144158233876387243e+01
1.140731867346256756e+01 1.103870396893222683e+01
1.014053635624193106e+01 1.077238042663646311e+01
8.019494185483903692e+00 1.110629146374470011e+01
6.770627741590657500e+00 1.101884542826599045e+01
5.160888743618330388e+00 1.062335343113742425e+01
3.947756325197624871e+00 1.071619227269815156e+01
2.801793010294971076e+00 1.092422871572220977e+01
1.629058222284210045e+00 1.107503149314595881e+01
1.628237695921631589e-01 1.114396107977331241e+01
9.115674824392046460e+00 1.043442382051171258e+01
7.490950431496144368e+00 1.047734773933032137e+01
1.362178140560369677e+01 1.122229577425716585e+01
1.277359612170561753e+01 1.079350769145009714e+01
1.181249252375306646e+01 1.036862031755113733e+01
1.085923196515892464e+01 9.683015639931728202e+00
1.034488456550397295e+01 8.259327692339089921e+00
1.040215319990805831e+01 6.570228143055617309e+00
1.035379350080895833e+01 4.932528935623983202e+00
1.058434091561376000e+01 3.700085091028888495e+00
1.082655910037135172e+01 2.525812669878302774e+00
1.098863069997033293e+01 1.325683939125753552e+00
1.103871122649535863e+01 -1.696003201720072129e-01
1.006504150128711572e+01 9.193147682884305283e+00
9.844467715780947259e+00 7.721771759246103706e+00
1.161844358587913106e+01 -1.354129720330319664e+01
1.124258091675987714e+01 -1.259963002278658095e+01
1.087928823090876307e+01 -1.152263271680433121e+01
1.061794757532145717e+01 -1.021288073385646378e+01
1.094923133245373137e+01 -8.076909501736029284e+00
1.088867817815163264e+01 -6.807991012070340631e+00
1.049176593331609197e+01 -5.186305586220831820e+00
1.059717025092120757e+01 -3.983681997734275448e+00
1.079696282756417425e+01 -2.841850507182486663e+00
1.095812617402511613e+01 -1.657672055753843576e+00
1.028245225372923066e+01 -9.174322042841389191e+00
1.034454694220004534e+01 -7.549317600271820972e+00
1.099231845464517754e+01 -1.371325489020035882e+01
1.059834600116290737e+01 -1.285235902952550902e+01
1.020308552938793767e+01 -1.188066464730399296e+01
9.517199089208268958e+00 -1.093151163065422438e+01
8.116197062392311423e+00 -1.040562803255491175e+01
6.446576317632944253e+00 -1.043284099010469745e+01
4.826090262844090262e+00 -1.038466217005441727e+01
3.583815130058543463e+00 -1.062509532417799640e+01
2.404797398854578550e+00 -1.086593551714807226e+01
1.198015308788965116e+00 -1.100229474843584576e+01
-3.082343352394406599e-01 -1.102314641710932719e+01
9.045437628549469977e+00 -1.012868065097894998e+01
7.605432125646746755e+00 -9.889403775710304600e+00
-1.171987334411289261e+01 -1.317256487976478496e+01
-1.127360249025460881e+01 -1.233154940603983185e+01
-1.082778657978965597e+01 -1.137943530738927933e+01
-1.011217364062157387e+01 -1.044550515615482134e+01
-8.674391997357304263e+00 -9.974475062968780392e+00
-7.010510972402004271e+00 -1.008118721911335491e+01
-5.395640797409591016e+00 -1.010603232766304060e+01
-4.169412381382729293e+00 -1.040560603338409607e+01
-2.999581647397649320e+00 -1.070573310524964583e+01
-1.806012596233942169e+00 -1.091117529021359545e+01
-9.598173811231642816e+00 -9.665493079319524838e+00
-8.126903983861280878e+00 -9.465776643734749030e+00
-1.236190568887958996e+01 -1.292263985066707832e+01
-1.191892121912520608e+01 -1.201517803595159961e+01
-1.148006880993350975e+01 -1.096204938227788794e+01
-1.116969246339628086e+01 -9.691918644286269924e+00
-1.140307230792605431e+01 -7.563879462214916138e+00
-1.128897081111928635e+01 -6.307238713066303681e+00
-1.083091832347355599e+01 -4.701744155600571240e+00
-1.088062612035156285e+01 -3.483043350327331034e+00
-1.103071534783068053e+01 -2.334812205753075798e+00
-1.112451394806294935e+01 -1.168441261491145911e+00
-1.113340902555671263e+01 3.017516065831747363e-01
-1.078587854394877077e+01 -8.683991628001056284e+00
-1.077098309130534659e+01 -7.048481081788375846e+00
-1.169385114780343393e+01 1.356808410013646871e+01
-1.130206673941115980e+01 1.264036496276914434e+01
-1.094173836129675337e+01 1.156899631783156579e+01
-1.068291891688753381e+01 1.026978332195538890e+01
-1.100987921291742921e+01 8.137732958281761242e+00
-1.094303204163962562e+01 6.877466049532315218e+00
-1.054647022626578767e+01 5.259272092875228566e+00
-1.064785256624188925e+01 4.062126795264085821e+00
-1.084852216037463180e+01 2.926840824400855468e+00
-1.102264496094445256e+01 1.766962585657318119e+00
-1.034759681200793757e+01 9.234317996711052245e+00
-1.039431807609668823e+01 7.610946063868359701e+00
-1.106540559185389760e+01 1.373204433258267798e+01
-1.065208628010465830e+01 1.289059107213304856e+01
-1.025988092417458475e+01 1.193057297827885144e+01
-9.574905835589962777e+00 1.097261293528791093e+01
-8.178706396281798519e+00 1.044722673237448696e+01
-6.515658914235471499e+00 1.047574895431033859e+01
-4.894545316144590430e+00 1.044320710807431851e+01
-3.668397038917229569e+00 1.070056547546411174e+01
-2.502320325812648072e+00 1.095375627012179542e+01
-1.312848713329370254e+00 1.109961701441211979e+01
-9.102668897118677549e+00 1.016601132829500287e+01
-7.666315079941171007e+00 9.935236630147432635e+00
9.627080850010860669e-02 1.899153444455749407e+00
2.243764018278323336e-01 4.842628393395120412e+00
1.105957461303090250e+00 2.568582906302133484e+00
1.776426802364116098e-01 3.185614750988264632e+00
1.414081224588352503e+00 3.753312620711579228e+00
1.823912549834543206e-01 4.217383513764859870e+00
2.364838112189376229e+00 3.087780599962099082e+00
1.421225743077715098e+00 3.874559688779311895e+00
1.361725095091311233e-01 4.197672575465454692e+00
2.517473329104642943e+00 4.238681144539882872e+00
1.946311121018624135e+00 4.759786540238004626e+00
1.012880958658339603e+00 4.703615496258582773e+00
2.992917308975987289e+00 4.869096512490008521e+00
2.569519149397895497e+00 5.212039212242074449e+00
3.553205250564914319e+00 5.355359935935216420e+00
3.076949351716140146e+00 5.690371377364813910e+00
4.167849733068631046e+00 5.851344968917455702e+00
3.463955914575073791e+00 6.248156748035958330e+00
4.774515451779309139e+00 6.378755004691705643e+00
4.192021577789892817e+00 6.653846031781725401e+00
3.620387186074966124e+00 6.984445788304346259e+00
1.852708769972152725e+00 -1.222398290699474310e-01
4.806266781030823942e+00 -2.426883877867051231e-01
2.585041628658827584e+00 7.867364618180030522e-01
3.144885644484966658e+00 -1.945001589223598337e-01
3.773287576289646061e+00 1.079827380447153207e+00
4.185851668441076256e+00 -1.913999334670090924e-01
3.812638698924850189e+00 1.186382881354615559e+00
4.182038641716348870e+00 -1.294410611312887538e-01
4.408484798478300881e+00 2.126953511822859966e+00
4.929427836033332788e+00 1.452319144356984282e+00
4.728395911148885133e+00 5.628189210956545674e-01
5.079688732649254135e+00 2.586223341684648069e+00
5.455653334076360217e+00 2.074272559569663166e+00
5.563421239283942832e+00 3.185308952230227142e+00
5.935660592299457861e+00 2.596757018302961573e+00
6.029113124953029867e+00 3.831922173710478496e+00
6.450136198524133668e+00 3.016909032919985467e+00
6.540910788275375864e+00 4.392134971307867453e+00
6.839994781022451953e+00 3.745332593005163524e+00
7.136333153241714022e+00 3.184432467504278108e+00
2.531226134512672310e+00 -1.108873920171298932e+00
3.717180992711335730e+00 -1.419253166274597078e+00
3.048923805925569663e+00 -2.368061704371287490e+00
3.843545567251836381e+00 -1.430207963504708690e+00
4.196803637817277277e+00 -2.526899747569368415e+00
4.751458290241335369e+00 -1.947378091179930104e+00
4.667580970095871251e+00 -1.023436662315325929e+00
4.826498633599157984e+00 -3.011273349903363261e+00
5.189101867207062568e+00 -2.574551835840337866e+00
5.314134888362434417e+00 -3.571138773350742035e+00
5.639751329374951716e+00 -3.102603808688731313e+00
5.780854280752965479e+00 -4.206456513512755180e+00
6.166285652810607587e+00 -3.494020477243046763e+00
6.284910754377470710e+00 -4.799196408400212555e+00
6.554434516847891246e+00 -4.219346372691192393e+00
6.893725126176795115e+00 -3.634118630890911028e+00
-1.630870612883005832e-01 -1.851333552101724456e+00
-2.465611073114208351e-01 -4.783388610631376991e+00
7.636597170090688724e-01 -2.564967684929614133e+00
-2.256702056443102844e-01 -3.115319446310945040e+00
1.032968989213560729e+00 -3.763479321602296146e+00
-2.176724608460282595e-01 -4.146492965539808395e+00
1.121427814360025810e+00 -3.795289503531036335e+00
-1.673771606488863584e-01 -4.120586001255016839e+00
2.074566647685609944e+00 -4.438453149904660222e+00
1.392550896860158982e+00 -4.967490374815051624e+00
5.224341372757624891e-01 -4.715940028545564822e+00
2.538973729392989931e+00 -5.117693635154960674e+00
2.017083095166930296e+00 -5.500905352053337083e+00
3.135441451066137031e+00 -5.586985922843889618e+00
2.554087813125004658e+00 -5.943149682758959607e+00
3.766589049506408493e+00 -6.028250008039370833e+00
2.978123213936382463e+00 -6.446507310195328522e+00
4.323423787431178944e+00 -6.561051383816775662e+00
3.691022023908483440e+00 -6.836152242843078319e+00
3.134368359289634753e+00 -7.140584390097896694e+00
-1.166977754819235713e+00 -2.508752697759375927e+00
-1.444216808486255221e+00 -3.679849025272977414e+00
-2.423449044896734961e+00 -2.997142794112372055e+00
-1.459606825343422232e+00 -3.791672941046709600e+00
-2.483583807046317649e+00 -4.170936660004472607e+00
-1.904647698652038201e+00 -4.694084765162982009e+00
-1.015851977245878501e+00 -4.631320024588827522e+00
-2.885094649078480789e+00 -4.827902028392783151e+00
-2.464410606854662511e+00 -5.166805455874349029e+00
-3.437051668220759026e+00 -5.311619635667756079e+00
-2.937596410728247953e+00 -5.649850684779582188e+00
-4.075301171787257815e+00 -5.769891603056490403e+00
-3.324317177427297487e+00 -6.177602185009749114e+00
-4.643716169633715474e+00 -6.258674560244254614e+00
-4.049890630657404067e+00 -6.552709971726938143e+00
-3.496569746793185995e+00 -6.877258628364075754e+00
-1.948739152054894452e+00 1.646292134449866273e-01
-4.894787589339181011e+00 2.681516282059154266e-01
-2.673437009372181095e+00 -7.537274903043420515e-01
-3.235514229106616124e+00 2.295565684038762266e-01
-3.867520014397933359e+00 -1.061494430880835171e+00
-4.278932598842453139e+00 2.161674935927936914e-01
-3.925255628768303584e+00 -1.152799850597464371e+00
-4.275767865053585304e+00 1.555719112610988442e-01
-4.502443576429449479e+00 -2.157354491366886506e+00
-5.040923129292658622e+00 -1.504136810749364672e+00
-4.830685542987047221e+00 -5.651551849002132144e-01
-5.160324037120112450e+00 -2.693675017906164815e+00
-5.546529173677975599e+00 -2.191549099596616479e+00
-5.617368772252032016e+00 -3.354610988590462917e+00
-5.996112903002747352e+00 -2.779694805788708312e+00
-6.096350844771056821e+00 -3.979589450748270973e+00
-6.489079795300921383e+00 -3.232867925261958764e+00
-6.608769966522130446e+00 -4.518332269248338307e+00
-6.873241850807779940e+00 -3.946839485803688596e+00
-7.198551834978774266e+00 -3.353690641516953175e+00
-2.619490302387553093e+00 1.164241408711641723e+00
-3.797300011030504852e+00 1.475635486491457593e+00
-3.123691843607493190e+00 2.432925624290791067e+00
-3.929505421288058908e+00 1.471769030705835313e+00
-4.259263043623945144e+00 2.600279533069975280e+00
-4.805925242971017752e+00 2.008829729713858203e+00
-4.744222304865780337e+00 1.064686735284140928e+00
-4.876170138887122363e+00 3.075312089263519955e+00
-5.242240944529582336e+00 2.654059280214795091e+00
-5.369717187774221578e+00 3.643525362788140320e+00
-5.693665438262805800e+00 3.180783614819528982e+00
-5.843397172269991557e+00 4.284232255117810695e+00
-6.228801999107528076e+00 3.577956504925892123e+00
-6.345606383399933215e+00 4.886998680548215290e+00
-6.617238316516936614e+00 4.290966513890574596e+00
-6.934151762798817842e+00 3.702860036444731495e+00
-8.308142680335039998e-01 2.626417399904485528e+00
-1.080578746927794986e+00 3.820799095162682235e+00
-1.167649843323574466e+00 3.853003399568979415e+00
-2.109647543666188785e+00 4.502968570299761275e+00
-1.427199372787356868e+00 5.016477591171902617e+00
-5.617050844862727654e-01 4.776327636051789227e+00
-2.576014383007652064e+00 5.181174358423696447e+00
-2.043694502723187867e+00 5.561669394810353495e+00
-3.172449088796497119e+00 5.650455919160498830e+00
-2.590038949382245548e+00 6.014397440398452588e+00
-3.808876843930696587e+00 6.106770257017752890e+00
-3.003348732668494669e+00 6.524410651364407343e+00
-4.340550208217289097e+00 6.627012332102760084e+00
-3.703834006663297540e+00 6.912895293382163686e+00
-3.152513036389216872e+00 7.211152173486929939e+00
-5.009906036730811529e-02 3.059221348287936848e-02
1.011714227587304504e-01 1.811209642617374938e+00
7.354725310598168864e-02 1.433109351022193279e+00
5.823275804919852972e-02 1.114568041546573518e+00
1.081243410020554352e+00 2.446692137439085979e+00
9.887822055134721788e-01 2.130514780201348657e+00
1.803416378117148056e-01 2.953227174436548363e+00
1.816666200443302071e-01 2.600114948842231044e+00
1.487868846561842817e+00 3.385427904421694834e+00
1.957108343691513763e-01 3.730068371928861648e+00
1.761371337521745906e+00 -1.208415690381000607e-01
1.371126270693242111e+00 -9.477817419653339348e-02
1.050907585503404462e+00 -7.140004164879815152e-02
2.491306639465184602e+00 7.589151250597383491e-01
2.190173219437725027e+00 6.793894777428052256e-01
2.912311399706344783e+00 -1.993323713920615581e-01
2.579911786998204004e+00 -2.024111065401085208e-01
3.449159308864575113e+00 1.094239688436880353e+00
3.679493192289587267e+00 -2.035619636652605813e-01
2.404285886134114314e+00 -1.089900847606510403e+00
2.077802575234797278e+00 -9.917011135667896937e-01
3.331802945026301810e+00 -1.510822408876831391e+00
-1.691110576899056972e-01 -1.761110847661188972e+00
-1.653158658306741746e-01 -1.370663827410270041e+00
-1.554626162756381491e-01 -1.054941452557000447e+00
7.190227193612900303e-01 -2.470040290637887104e+00
6.223072878057848145e-01 -2.178964856307904707e+00
-2.270458119612137338e-01 -2.882791092051790294e+00
-2.391403942036567920e-01 -2.533707628140201340e+00
1.043310408602217576e+00 -3.439883394603617361e+00
-2.412672872588361717e-01 -3.658705471874965642e+00
-1.151430598700879493e+00 -2.384278471065182980e+00
-1.065535839606354562e+00 -2.065568471849455356e+00
-1.533022443244225430e+00 -3.311764381853631090e+00
-1.855496648622896316e+00 1.665116086195036760e-01
-1.466989796709570415e+00 1.480326721574683202e-01
-1.146029320299939647e+00 1.318718401331898105e-01
-2.579822052826955314e+00 -7.218898006117269173e-01
-2.275196388627847011e+00 -6.303710561272457547e-01
-3.002526751714554187e+00 2.346813026107218980e-01
-2.654334230782337212e+00 2.426646079665848166e-01
-3.537780507642917627e+00 -1.068616435962797206e+00
-3.775946926487313782e+00 2.483629626823235237e-01
-2.486651489490466993e+00 1.146534375457242128e+00
-2.158802843541800520e+00 1.055151703337660507e+00
-3.418789244017234275e+00 1.561453962945250629e+00
-7.886724141522336584e-01 2.536779758305937715e+00
-6.874263684250551121e-01 2.236255231517954467e+00
-1.098671310909273613e+00 3.499503878838654547e+00
