6.325708146046715719e+00 4.460485413952184786e+00
6.814820472952879626e+00 4.864109805953124699e+00
7.247534887540277637e+00 5.235539864190156933e+00
7.763820709853852975e+00 5.635765373794109578e+00
8.514818683002124189e+00 5.848763113583370199e+00
8.421994710698896824e+00 6.527051359934439745e+00
8.446811101403149280e+00 6.710824597588736395e+00
6.862745258509947988e+00 3.569245869237275492e+00
7.307194384623481476e+00 3.966279943730312230e+00
7.809085027748378316e+00 4.307453819871232881e+00
8.318420090004929435e+00 4.613545738601682267e+00
8.994302670563239843e+00 5.211960147280349176e+00
9.398697149866544365e+00 5.287147436666349343e+00
9.692446573568304302e+00 5.423771921276526520e+00
7.104374753604738579e+00 2.856033300600205660e+00
7.589589171091335018e+00 3.078372424955932551e+00
8.161938897633163492e+00 3.399493923197390188e+00
8.701597466540000880e+00 3.691478275385915442e+00
9.413402302481046036e+00 3.994372636655997955e+00
1.020488384283799732e+01 4.294448880909015998e+00
1.052726580174023141e+01 4.426368067081841495e+00
7.212625308360003373e+00 2.075639479020001232e+00
7.655881182606175450e+00 2.217419510183280096e+00
8.364294620246001344e+00 2.461267088664481850e+00
8.970204536530742345e+00 2.673994936822188695e+00
9.781272866663345056e+00 2.923224758468110807e+00
1.065560400770045746e+01 3.180802258109399538e+00
1.103257607825946884e+01 3.310999000681035032e+00
7.131976232131925109e+00 1.370964023553362665e+00
7.657994892355819871e+00 1.423973938127134131e+00
8.457470942876195608e+00 1.552333962580281224e+00
9.139586609995205890e+00 1.691561529984258572e+00
1.001237915330485428e+01 1.842095290220914006e+00
1.092967127734083554e+01 2.051548947412050072e+00
1.133255121899051865e+01 2.142592911569296987e+00
7.090387315519946831e+00 6.175346015322518145e-01
7.650851620619501858e+00 6.392291759188462041e-01
8.486172595740496760e+00 6.922268017446310262e-01
9.220609313505773841e+00 7.488104619012180274e-01
1.012712617498310230e+01 7.686146704922884876e-01
1.106833420313424377e+01 9.157533167582668776e-01
1.149023290894436755e+01 9.689449082486948361e-01
7.086158941836693259e+00 -1.456561964826424138e-01
7.651260849680118881e+00 -1.448794437259926793e-01
8.488981336476090434e+00 -1.471094728479945546e-01
9.235810136433034501e+00 -1.523261035518931605e-01
1.015720902885908750e+01 -1.686885125995936374e-01
1.110229872731516210e+01 -1.946019633060958876e-01
1.152584939379318385e+01 -2.081250754404840864e-01
7.101110336600475748e+00 -9.088468230618855781e-01
7.652725942065793596e+00 -9.286555874200810301e-01
8.479447392439658060e+00 -9.948449831897695494e-01
9.200388973696462358e+00 -1.066216176144987315e+00
1.009854129621682262e+01 -1.115240413549202891e+00
1.102472514884379784e+01 -1.307530536072036176e+00
1.144282775879183944e+01 -1.382855632096342768e+00
7.155332740699629213e+00 -1.654287580243241074e+00
7.646698202502934194e+00 -1.721747828730945562e+00
8.433229470981427056e+00 -1.864960066928307070e+00
9.095517344630478007e+00 -2.020522710182539594e+00
9.959177238224748763e+00 -2.200458989933147258e+00
1.084911355212047646e+01 -2.447639007802517419e+00
1.124721567318376181e+01 -2.556353234897656090e+00
7.213969207245115811e+00 -2.374048878486181291e+00
7.638942533290655312e+00 -2.529126003594515115e+00
8.312330927113608325e+00 -2.787890162447526521e+00
8.897614762516045772e+00 -3.013403572738560854e+00
9.685722489295596205e+00 -3.283708316342908606e+00
1.054616756975179115e+01 -3.583494253976525989e+00
1.091717197489879432e+01 -3.720737711144654458e+00
7.057816801352357672e+00 -3.133397422843844371e+00
7.522991637739938398e+00 -3.385361411983795143e+00
8.067814609031218609e+00 -3.733328288919083970e+00
8.588757167111809920e+00 -4.035548214851037763e+00
9.285908617319281078e+00 -4.350761219335812946e+00
1.006026122739688056e+01 -4.685265679826982499e+00
1.037242228044413928e+01 -4.824975506314596707e+00
6.769960580766975156e+00 -3.823132590291099753e+00
7.202884784634964177e+00 -4.257409832618118450e+00
7.679690666960247825e+00 -4.635822641310702430e+00
8.165319400961250196e+00 -4.960675438904579515e+00
8.819867981428124892e+00 -5.574840706141543478e+00
9.208711862173075247e+00 -5.673389179033817342e+00
9.469027432266884148e+00 -5.793758621811281095e+00
6.211182275244488515e+00 -4.691777516886329380e+00
6.673924337089069958e+00 -5.140006881680954542e+00
7.085436064962516767e+00 -5.543559422797504688e+00
7.553758568526609984e+00 -5.962158563153137969e+00
8.323951913977550632e+00 -6.204019897994894173e+00
8.185625820869862679e+00 -6.881604909798523018e+00
8.197709822918723077e+00 -7.059302407893053299e+00
4.512620922193615769e+00 -6.464360639908051098e+00
4.854972783530967284e+00 -7.028990640175529769e+00
5.177005202864638278e+00 -7.542778729075471311e+00
5.474004326303319345e+00 -8.075325340754581305e+00
5.561033137133008175e+00 -8.890294561583328203e+00
5.888374938585301699e+00 -9.101984738063938707e+00
5.940826982888085084e+00 -9.280676496463557967e+00
3.683482709314656933e+00 -6.937951983947606927e+00
4.013182231440323378e+00 -7.434049459815136096e+00
4.288902085594471281e+00 -7.995362091994206999e+00
4.498413107518268284e+00 -8.564930072310195541e+00
4.939420706802025052e+00 -9.434352966911820459e+00
4.932835941216236364e+00 -9.917570268046683069e+00
5.045570532729803936e+00 -1.029836485186569206e+01
2.903927286080147496e+00 -7.160697040434255811e+00
3.078336128485350986e+00 -7.667373483544907664e+00
3.342766746359207009e+00 -8.282062707382294775e+00
3.545162328335111024e+00 -8.881996728480141101e+00
3.729481157316583140e+00 -9.681232800665643623e+00
3.923360510076479901e+00 -1.057197688810783731e+01
4.026147829398121658e+00 -1.093760091640446852e+01
2.087200810166630838e+00 -7.240078995705535370e+00
2.206787377638921743e+00 -7.699644047860508600e+00
2.382205849581709778e+00 -8.427583627554042778e+00
2.523369036708562607e+00 -9.066885523412981485e+00
2.668297549869615093e+00 -9.938879412881888697e+00
2.837702335990330393e+00 -1.087893310139260095e+01
2.921249852567805672e+00 -1.129483797219414321e+01
1.344875533662062805e+00 -7.142404514138164018e+00
1.379670226724899029e+00 -7.673967464780134584e+00
1.458417423770711041e+00 -8.479676901872901240e+00
1.531956631586746997e+00 -9.169534434549914792e+00
1.601812542070468526e+00 -1.008929384683217023e+01
1.730766482285576613e+00 -1.105441978463947272e+01
1.787382835557537630e+00 -1.147998634893995806e+01
5.732053540574866268e-01 -7.089001919095055726e+00
5.716788937100324430e-01 -7.648274347363408943e+00
5.809147874357714070e-01 -8.481768982833212789e+00
5.873664688026208891e-01 -9.219696525861866832e+00
5.442781399127145647e-01 -1.015058107592258985e+01
6.313510979338484708e-01 -1.111675533252902781e+01
6.556153812516020141e-01 -1.156043196010446117e+01
-2.166460496814135994e-01 -7.065998339229142111e+00
-2.372486654153964369e-01 -7.626903192537598741e+00
-2.738421813460511500e-01 -8.468441732306617453e+00
-3.223492491630485235e-01 -9.208308467536699737e+00
-3.898127650052682358e-01 -1.015337635463751553e+01
-4.502922839679368017e-01 -1.111802473454977580e+01
-4.776586547343947275e-01 -1.155422166621133506e+01
-1.002703692181387662e+00 -7.058716456677145423e+00
-1.039527440633098765e+00 -7.614466574936813004e+00
-1.126845061115679503e+00 -8.445028580852424582e+00
-1.228276470380040175e+00 -9.168320408852194348e+00
-1.312379017990225272e+00 -1.008698823636303388e+01
-1.533148427009704884e+00 -1.103282283073088443e+01
-1.617075635407938750e+00 -1.145907282107646274e+01
-1.765518584333931829e+00 -7.089560691621600519e+00
-1.843371477230522304e+00 -7.610353638185954672e+00
-1.997811497855974672e+00 -8.397630584903534867e+00
-2.169893342354024313e+00 -9.063483215129490844e+00
-2.379074164575452954e+00 -9.947419255636519964e+00
-2.648839114130268069e+00 -1.086580584415736439e+01
-2.766784746772531722e+00 -1.127097825995244840e+01
-2.506492128295467747e+00 -7.162216628110091854e+00
-2.660361254340769754e+00 -7.602329382291453719e+00
-2.915396972401492537e+00 -8.295581436935270503e+00
-3.151052134303882646e+00 -8.890556912064235817e+00
-3.443896389278325199e+00 -9.697881068817812533e+00
-3.771512283986495628e+00 -1.057316861642052608e+01
-3.927011452379779666e+00 -1.093482037134365825e+01
-3.296280205973186384e+00 -7.042098314304399587e+00
-3.523318932521417590e+00 -7.531752759255791574e+00
-3.858722716339475944e+00 -8.085825961305898701e+00
-4.160505927693102457e+00 -8.614799229042965578e+00
-4.496269995384137630e+00 -9.327269709522852281e+00
-4.855606642964182207e+00 -1.009915950074655377e+01
-5.009189619704043750e+00 -1.041415175890454314e+01
-4.007136078970595428e+00 -6.769633237563825290e+00
-4.404250368761177370e+00 -7.242262594440402879e+00
-4.767944432096640206e+00 -7.736174182008144662e+00
-5.089017273268360064e+00 -8.212496211510396549e+00
-5.723016339974843270e+00 -8.875296322320661346e+00
-5.831393775049657613e+00 -9.277262119535507168e+00
-5.976239408555224841e+00 -9.561947924545963318e+00
-4.854990095638581415e+00 -6.248094484514030711e+00
-5.295603543822400283e+00 -6.737117272925446265e+00
-5.688093891671742064e+00 -7.143547025059572952e+00
-6.094889500552705286e+00 -7.624250572432270445e+00
-6.333986222231395402e+00 -8.389770432881588746e+00
-7.035256862101270769e+00 -8.261516227522605504e+00
-7.223278078650978706e+00 -8.272427961232654781e+00
-6.623953929480182801e+00 -4.547048085373644355e+00
-7.178513778561633529e+00 -4.906084430188076162e+00
-7.690123805398493495e+00 -5.240246354548922625e+00
-8.219443535914525256e+00 -5.551094401379844889e+00
-9.018227124025949948e+00 -5.635693800538471798e+00
-9.242282455240465211e+00 -5.951244765483732380e+00
-9.424137535169771596e+00 -5.997207251245716186e+00
-7.085416891581430399e+00 -3.726589384981344732e+00
-7.592155330275587310e+00 -4.063605108390453857e+00
-8.142013582085043666e+00 -4.357513930156677873e+00
-8.708958997098383392e+00 -4.581533943817087007e+00
-9.571428173233467618e+00 -5.008391200534712873e+00
-1.005184517285211498e+01 -5.002042257655932467e+00
-1.044095949443636506e+01 -5.113995116341334857e+00
-7.312255933792241258e+00 -2.964292596583294248e+00
-7.817970703846177649e+00 -3.144301280660041886e+00
-8.441685847741082327e+00 -3.409424891101587640e+00
-9.031183102955889552e+00 -3.621342461234483778e+00
-9.816715552332890837e+00 -3.809101687184814455e+00
-1.070749247871142806e+01 -4.001985563983332383e+00
-1.107686905357446072e+01 -4.109788063390118040e+00
-7.388092689711702299e+00 -2.165073042183261354e+00
-7.840150200412819181e+00 -2.284864458288899947e+00
-8.572139997080359564e+00 -2.456006815337719029e+00
-9.219910160367998486e+00 -2.606148346950040384e+00
-1.008089526224117272e+01 -2.748799721300568599e+00
-1.101443679413671362e+01 -2.930393165318053050e+00
-1.143500110289006777e+01 -3.027502882092281578e+00
-7.307980916728886278e+00 -1.448117940611207022e+00
-7.812453905633453211e+00 -1.473265003570211062e+00
-8.616553142244750774e+00 -1.541159964606818145e+00
-9.319868330525647337e+00 -1.617721366085040025e+00
-1.023338515417898975e+01 -1.710108057991793107e+00
-1.119523516322634826e+01 -1.850810028587118961e+00
-1.162579616242715375e+01 -1.913963254104575684e+00
-7.246456276188033563e+00 -6.679284495868229588e-01
-7.786004771316250128e+00 -6.557222233673215550e-01
-8.616787220090150967e+00 -6.588975096999966086e-01
-9.364950733786386650e+00 -6.758878763888862551e-01
-1.029915552345983265e+01 -6.734550039470127425e-01
-1.126781784468993663e+01 -7.696893243369796744e-01
-1.171928902478738621e+01 -8.040871805485355628e-01
-7.202869876077494737e+00 1.369334248259799214e-01
-7.749899502977579679e+00 1.597521177548731630e-01
-8.595561161429284169e+00 1.991359033490150143e-01
-9.352127528814371260e+00 2.265954063806601138e-01
-1.031118092056195756e+01 2.549158542587019460e-01
-1.128246136159006419e+01 2.873215553474476880e-01
-1.172930805458181958e+01 3.089800144740101895e-01
-7.186871549227093148e+00 9.406689293773291549e-01
-7.729350052344672761e+00 9.754286588330364216e-01
-8.570687685224960717e+00 1.058586285860121823e+00
-9.301721011942834849e+00 1.128830894781832184e+00
-1.024164295535591229e+01 1.173644104841415015e+00
-1.120599912020719913e+01 1.343119888592024580e+00
-1.165305695892727300e+01 1.412602737814011356e+00
-7.196341436634816624e+00 1.722098219673328101e+00
-7.718590893613007431e+00 1.801122880023518613e+00
-8.512500332705316808e+00 1.941040601831296009e+00
-9.198710201704768608e+00 2.070923849039435716e+00
-1.011058477147237866e+01 2.220011182355396961e+00
-1.106709916298896168e+01 2.420186801129881715e+00
-1.149556379784445426e+01 2.505951407119818786e+00
-7.235313748111366294e+00 2.483847931918497842e+00
-7.688535120263982670e+00 2.626834543273655065e+00
-8.406627545849071126e+00 2.862823272183852019e+00
-9.037772433660970606e+00 3.057218488631059383e+00
-9.894930373717487626e+00 3.270652336132841231e+00
-1.082357813089404885e+01 3.495155523892222504e+00
-1.123674986818612531e+01 3.608150588858549224e+00
-7.102775016686131870e+00 3.292271813288497384e+00
-7.598203548042737232e+00 3.499001684509747356e+00
-8.207725332688729836e+00 3.807471158946071910e+00
-8.787147970953519405e+00 4.065471450663807218e+00
-9.575992243106007606e+00 4.305081131925390103e+00
-1.045133665902366005e+01 4.547358493423711678e+00
-1.081178795573517881e+01 4.676897847922393936e+00
-6.832085696637201444e+00 4.050884635704924186e+00
-7.312398134574563002e+00 4.407821503581548228e+00
-7.854080151765966633e+00 4.735124654996037741e+00
-8.414752588664308419e+00 5.001421581447434761e+00
-9.253385474443225789e+00 5.483074756045374087e+00
-9.737331477762401377e+00 5.505437830218843587e+00
-1.012225294808681575e+01 5.639911175542850152e+00
-6.327271844017715807e+00 4.848184757150355573e+00
-6.861179848637161349e+00 5.234116020524473889e+00
-7.356555068132347053e+00 5.600223180789773991e+00
-7.868951568529780616e+00 5.938283904933603807e+00
-8.676247765473870999e+00 6.079170189996861318e+00
-8.887094194710210004e+00 6.408693404195139109e+00
-9.069985784119813488e+00 6.469506785232891133e+00
-4.415052123355910574e+00 6.433263121301146192e+00
-4.849260380767026035e+00 6.935826710030617015e+00
-5.229810473313222019e+00 7.378395891713006804e+00
-5.643300981850493336e+00 7.889331037110676625e+00
-5.854744592848670770e+00 8.650246332837477681e+00
-6.529297529922340360e+00 8.565899248560359780e+00
-6.723397495421684411e+00 8.601019360587795148e+00
-3.527840856423343219e+00 6.903239607723373972e+00
-3.931049463051698112e+00 7.385879805782010088e+00
-4.287983016737339170e+00 7.897332311189138032e+00
-4.600009511793045291e+00 8.427538597472812754e+00
-5.199530565991993925e+00 9.117292383334863359e+00
-5.284768491713099259e+00 9.525453386481663287e+00
-5.417212714303890841e+00 9.817394065818282556e+00
-2.839640267488011016e+00 7.150459854558151029e+00
-3.059431143843463374e+00 7.654873605023272631e+00
-3.380527291432648074e+00 8.239859835306656777e+00
-3.685542216731513054e+00 8.787314044373257360e+00
-3.987695640761862226e+00 9.515894214424552189e+00
-4.297840120270148390e+00 1.032479290621671453e+01
-4.437371393593728897e+00 1.064339397323448111e+01
-2.075787354084122516e+00 7.280033549211350596e+00
-2.221407702712269394e+00 7.731383791670844552e+00
-2.462124029676389991e+00 8.439106774975883241e+00
-2.684790772602629882e+00 9.053991408654173512e+00
-2.949669481814475969e+00 9.865538828795029858e+00
-3.215333943486984314e+00 1.074849614610573134e+01
-3.340931194321787423e+00 1.114123786530149296e+01
-1.370385550296280508e+00 7.203029760400355030e+00
-1.427103742991338686e+00 7.727497501026316051e+00
-1.560830277480860895e+00 8.525008016140027678e+00
-1.710829458623130295e+00 9.209993129048873683e+00
-1.882904230878166496e+00 1.008698128337313449e+01
-2.106262382084513884e+00 1.101332242659461613e+01
-2.201710703286773985e+00 1.142609771667385132e+01
-6.295323504052021679e-01 7.144344188782984162e+00
-6.448184475242862979e-01 7.707055261631059473e+00
-6.986169364714746033e-01 8.538066975203348008e+00
-7.731258262895993605e-01 9.276941788122258004e+00
-8.231713587522196951e-01 1.019335375463840521e+01
-9.948136900630826229e-01 1.114488059936727460e+01
-1.057965171401359150e+00 1.158188992006691898e+01
1.292674395827941858e-01 7.121492010562850083e+00
1.367020175646969649e-01 7.682120192057240615e+00
1.394997610418278189e-01 8.529869595677219252e+00
1.237723948839903332e-01 9.281217397712087092e+00
1.013997575309113636e-01 1.022509895515965539e+01
8.044955690188551611e-02 1.118936978610084765e+01
7.284250945446338332e-02 1.162772372642915819e+01
9.066464254403934220e-01 7.113701021481600328e+00
9.309266516629575161e-01 7.670703043239313956e+00
9.803555236237828652e-01 8.505990640375001632e+00
1.018028436543738202e+00 9.250583893937754709e+00
1.016145552213141512e+00 1.018034563388086866e+01
1.149313890631988855e+00 1.114040376598287274e+01
1.196355599144993676e+00 1.158241934001549645e+01
1.671552342020719006e+00 7.139796809717436687e+00
1.729513907862769928e+00 7.660946397387665030e+00
1.846017085740758068e+00 8.461774892285372829e+00
1.954995239252121708e+00 9.159284305129013148e+00
2.068690368986772832e+00 1.006795384075089927e+01
2.238274979587701274e+00 1.102340570394174435e+01
2.313655427631073014e+00 1.144969662569863544e+01
2.407120989294891267e+00 7.182572431021873705e+00
2.540839576970514990e+00 7.638229540153909092e+00
2.757340331207970507e+00 8.363311798413226583e+00
2.929088242623774541e+00 9.000084930546389472e+00
3.104850534352253000e+00 9.866485801166287928e+00
3.321133544020050898e+00 1.079923185154292220e+01
3.429097472542747216e+00 1.120790748759132605e+01
3.197626295229827331e+00 7.036315566885363637e+00
3.398950705286603924e+00 7.540761496812399933e+00
3.690537325274708458e+00 8.166063753900312250e+00
3.926080256768770482e+00 8.759230712668756524e+00
4.137718606592149406e+00 9.556528653413533192e+00
4.379135620119694927e+00 1.043631778914652131e+01
4.502101338953059084e+00 1.080049026832513448e+01
3.926703689611558801e+00 6.757916908501537812e+00
4.284144093290182198e+00 7.249831058025028696e+00
4.604464548199580953e+00 7.823247984298201452e+00
4.850535242525090496e+00 8.392162962102897694e+00
5.321828988997967080e+00 9.239349893786700463e+00
5.337332024456022062e+00 9.732583494135928603e+00
5.464665020101897142e+00 1.010615686120643453e+01
4.705880335661909442e+00 6.246207846166586641e+00
5.092567654508673769e+00 6.810391026349472909e+00
5.448097579437155780e+00 7.323240351741085341e+00
5.777778636627079578e+00 7.844023942200188948e+00
5.884656134758573742e+00 8.645171152804731918e+00
6.221575657467767861e+00 8.850845611697559789e+00
6.284000592225783777e+00 9.035322928635265427e+00
-9.252482069495632233e-02 -8.265498208471198927e-02
-9.119992044313827984e-02 -8.276406309827417929e-02
-9.898469517149517671e-02 -8.476383047984829833e-02
-1.012334080127216124e-01 -8.145106708793810324e-02
9.934974903774095312e-01 1.106149188649547810e+00
9.879169033509217490e-01 1.058222101387841008e+00
9.288202975105289694e-01 9.053667474503391821e-01
7.867083047801131102e-01 7.329668870063316133e-01
1.720278788430544825e+00 1.986654653570883999e+00
1.766893714452715036e+00 1.839734116445824075e+00
1.859337648066347715e+00 1.629500935460158839e+00
1.777465195521817254e+00 1.373498251654887925e+00
2.330104510782533112e+00 2.711739450603281476e+00
2.345397746047898746e+00 2.397411939622482446e+00
2.824534048269877307e+00 2.074993968312676351e+00
2.659746701647009548e+00 1.784344926852920343e+00
2.844649726755766217e+00 3.168872032267488592e+00
3.061810763591375828e+00 3.234857229475071705e+00
3.396867385118043980e+00 2.630850159487434947e+00
3.373090023181713359e+00 2.212361375981934497e+00
3.524220825008118840e+00 3.754492616200666433e+00
3.622750990984977548e+00 3.732278059107552171e+00
3.913653235577981171e+00 3.222474552016520555e+00
3.944877056186193442e+00 2.734850329672612546e+00
4.083807076705345374e+00 4.226736227423707248e+00
4.306225243918562207e+00 4.248096268226762895e+00
4.575432186186509931e+00 3.773835230968017651e+00
4.539008390746117172e+00 3.309436560963763707e+00
4.520740897824425453e+00 4.669902602209344167e+00
4.969445176790879160e+00 4.832520784834288818e+00
5.342858525354629684e+00 4.468709051592505865e+00
5.290901689342215164e+00 3.981247977426833007e+00
5.055775985660768690e+00 5.132170786355597869e+00
5.408292077636197348e+00 5.412828073675046703e+00
6.274938675484958317e+00 5.280055459627952530e+00
6.235256423781631696e+00 4.755177186545692436e+00
5.627771817150240885e+00 5.747869502723473190e+00
6.386384628740856328e+00 5.975725631466198173e+00
7.332825152983986072e+00 5.934831144775445821e+00
7.706158224947992075e+00 5.621214341445972984e+00
9.656087167556869133e+00 6.296300071111406105e+00
1.083206658055360272e+01 6.470689978070555348e+00
1.176722710422108698e+01 6.873920876258174495e+00
5.979289076418242033e+00 6.092905730362474515e+00
6.595167992986477046e+00 6.596111527740168512e+00
7.397786459445497620e+00 6.579350691919835903e+00
8.630534256951110095e+00 6.532203462348293854e+00
1.021874164488189862e+01 6.781574025224399449e+00
1.116847070155347588e+01 7.024089151275442866e+00
1.194054811877774647e+01 7.409145162900393267e+00
1.243642660142030820e+01 7.655441723053778347e+00
6.369252052673001430e+00 6.585994391924916869e+00
7.181730866270259916e+00 7.044465450380776872e+00
8.238502530744337804e+00 7.336046827292648231e+00
9.515475515247334926e+00 7.454609854915905665e+00
1.051699973987103220e+01 7.637836896875223935e+00
1.130676444482426213e+01 7.953140878688513382e+00
1.215194683013332622e+01 8.233119328873705456e+00
1.273323328050497771e+01 8.581586867805574670e+00
6.759376518458521055e+00 7.039035012729741858e+00
7.857619061465350718e+00 7.685397846088099172e+00
8.858905541358598867e+00 8.222268666952833982e+00
9.934733594321594197e+00 8.189220716454805427e+00
1.060784602198445548e+01 8.524022563512026807e+00
1.138348018610678203e+01 8.819948372223169741e+00
1.227151142633047165e+01 9.118930373963118896e+00
1.285517701590010731e+01 9.530099348019064109e+00
7.356807718607662139e+00 7.772820518695220393e+00
8.306404324955350305e+00 8.656786468657656997e+00
8.826788145360241700e+00 9.239652657342110942e+00
9.502561105171251299e+00 9.279378869376898820e+00
1.033136544282803904e+01 9.722204050993974889e+00
1.121698137424482589e+01 1.005624147292074788e+01
1.216620086407705514e+01 1.043929627539700533e+01
1.269348529513476898e+01 1.067907618469197040e+01
7.299619754994649767e+00 8.185423983056830721e+00
7.702216926650687689e+00 9.028007327315256347e+00
8.248040361758965489e+00 9.923792454086306947e+00
8.910463131784760904e+00 1.047912225701742450e+01
9.673962503457888218e+00 1.079572790483328681e+01
1.046075763899877309e+01 1.110360037852624693e+01
1.127327884729906948e+01 1.131145786961396560e+01
1.180058144095888295e+01 1.146176556673904479e+01
7.227638636043346665e+00 8.098119034818596518e+00
7.450435178425005134e+00 8.906893040030736231e+00
7.776889881766190449e+00 9.904588690312900567e+00
8.339156184006530026e+00 1.075340004474735522e+01
9.092361138249158259e+00 1.119958138518003743e+01
9.928399893235319240e+00 1.149988803153405925e+01
1.084761379681911109e+01 1.167653265679198604e+01
9.586037977285575273e-01 -1.300426564471372837e+00
9.540578245510811239e-01 -1.253416622816355463e+00
8.934221769031484017e-01 -1.102688047086414214e+00
7.533781658279029569e-01 -9.296841127799926330e-01
1.668884410018147024e+00 -2.199570294189640673e+00
1.715316805277047330e+00 -2.054308051426313231e+00
1.814498186917099964e+00 -1.845144798859095658e+00
1.729523089776427325e+00 -1.580445348709013764e+00
2.274012073308226078e+00 -2.928086198238666782e+00
2.299950150695955209e+00 -2.612927581361096152e+00
2.778873717536173071e+00 -2.297849495333696979e+00
2.607997878432154693e+00 -2.002580383535718322e+00
2.791634157182077747e+00 -3.380826863304079666e+00
3.009203478275958688e+00 -3.436305054170280648e+00
3.346227785333632188e+00 -2.848893064987356727e+00
3.324135179104845683e+00 -2.443383018536176454e+00
3.454824896111106103e+00 -3.972635914787394196e+00
3.566283064523376289e+00 -3.961118755379116063e+00
3.869064022219324439e+00 -3.439207318379996714e+00
3.907135160336779656e+00 -2.961083911489610809e+00
4.008677891963557727e+00 -4.438464080135408274e+00
4.228019489923872776e+00 -4.501062235872601569e+00
4.523066850757745172e+00 -4.029752220482419212e+00
4.505383521076464781e+00 -3.560389536708896685e+00
4.436408488201862177e+00 -4.901276596290693455e+00
4.876808452193253096e+00 -5.095819979018975765e+00
5.301349590958698954e+00 -4.729216963367958826e+00
5.239178070360978268e+00 -4.259361753956197205e+00
4.941951354576758604e+00 -5.336727778796125143e+00
5.293593098678646136e+00 -5.646059522440602940e+00
6.178454243813170876e+00 -5.552559579195134098e+00
6.182215193684105436e+00 -5.048979373159085071e+00
5.464536544172485577e+00 -5.988451082242367995e+00
6.210956305566899260e+00 -6.272189431156115269e+00
7.171791806948374592e+00 -6.267272400358945283e+00
7.594442602742164539e+00 -5.939046960714506440e+00
9.512697975514393889e+00 -6.684401328045985302e+00
1.067696697136446105e+01 -6.895481135755296975e+00
1.160797861902949535e+01 -7.313439495540656310e+00
5.780472596247163253e+00 -6.350516837567007578e+00
6.372256696945429510e+00 -6.887828843467988627e+00
7.191775877580075083e+00 -6.915924823746050443e+00
8.478394572243944438e+00 -6.893926221246056585e+00
1.004959189455751023e+01 -7.188882690655234775e+00
1.099399601117254477e+01 -7.451773203806974166e+00
1.176613918264898118e+01 -7.852858193745718474e+00
1.225236913446041598e+01 -8.117758048853536579e+00
6.143278064274985795e+00 -6.860269499862419629e+00
6.953182161034925812e+00 -7.365953861789424018e+00
8.040150214599421474e+00 -7.703196167674583705e+00
9.329085484531153938e+00 -7.840363101866081763e+00
1.033203085663543952e+01 -8.049362024469145283e+00
1.110971937812576371e+01 -8.393039497148974348e+00
1.194372182997495813e+01 -8.705371334748754464e+00
1.250080651976795032e+01 -9.089540585049105559e+00
6.507151055868782841e+00 -7.332219165234550751e+00
7.626284855350975889e+00 -8.027188490510148711e+00
8.631805034460949599e+00 -8.579094623275159037e+00
9.713205854493716984e+00 -8.579312988776724325e+00
1.037823456037393655e+01 -8.929721102566189117e+00
1.113378085413044971e+01 -9.261158104531594049e+00
1.200856949408480290e+01 -9.604135131539491610e+00
1.257079571623832237e+01 -1.003992171014668600e+01
7.087693957438234271e+00 -8.077692980785620591e+00
8.010096957881023272e+00 -8.982016130408961629e+00
8.520155990182558980e+00 -9.585299506838772743e+00
9.194643068873093128e+00 -9.649433706106767872e+00
1.001003082968209057e+01 -1.010140357094547703e+01
1.088426236751865162e+01 -1.046547659404365049e+01
1.182500322263495285e+01 -1.089960535688381071e+01
1.234755417924464105e+01 -1.116613826933335218e+01
7.001996269785882632e+00 -8.481707881725469633e+00
7.383172099759639728e+00 -9.334210426054619703e+00
7.919141923394477089e+00 -1.025180546862524622e+01
8.578525598144581821e+00 -1.081648923347422731e+01
9.326342846652607932e+00 -1.115428781995183094e+01
1.012260202281119703e+01 -1.149674422763790993e+01
1.091331261180052614e+01 -1.175158886718888240e+01
1.144805181291854801e+01 -1.193280127194527473e+01
6.928327212077928898e+00 -8.393131185462822330e+00
7.125408767167828117e+00 -9.214567020398693131e+00
7.434803034430237823e+00 -1.022596566955810005e+01
7.988056695416822173e+00 -1.107403706415421141e+01
8.739053039062914863e+00 -1.154531339752150920e+01
9.570327699226792717e+00 -1.187201359183527138e+01
1.048838226693462694e+01 -1.209064003630136241e+01
-1.182500539703382536e+00 -1.272838413352147757e+00
-1.178232393159518665e+00 -1.218658081321737363e+00
-1.129436441505687450e+00 -1.066293815577607829e+00
-9.845645122297689289e-01 -8.933934737281808980e-01
-1.892988091021508890e+00 -2.126361114457366863e+00
-1.954803225813539269e+00 -1.986079733941028769e+00
-2.063453464489978906e+00 -1.771138793139523271e+00
-1.988527608933704505e+00 -1.510326140436357045e+00
-2.484632564114129138e+00 -2.826207249767698215e+00
-2.519607393341813051e+00 -2.524753199711940788e+00
-3.070246303938397148e+00 -2.201618535147718436e+00
-2.907070525986166221e+00 -1.918844903670922530e+00
-2.957494304298005527e+00 -3.273191125879280516e+00
-3.131694300079928883e+00 -3.344277700205058323e+00
-3.584132323082259930e+00 -2.790333501210794598e+00
-3.617118979282089253e+00 -2.384683391354162296e+00
-3.670934821559630024e+00 -3.823756076254711367e+00
-3.571802688734971198e+00 -3.951807313087162044e+00
-3.921065872802426799e+00 -3.518748037550681218e+00
-4.090473252000028204e+00 -3.040916920350761998e+00
-4.475869785642583309e+00 -4.169536883122360926e+00
-4.300979528840215949e+00 -4.551041404582972127e+00
-4.286727060712932413e+00 -4.425520537653788722e+00
-4.421129116239953305e+00 -3.885614962801580585e+00
-5.088999432155791425e+00 -4.491087560993508809e+00
-5.203533458820012392e+00 -5.014206075357744652e+00
-4.898489975587779099e+00 -5.361041295975016219e+00
-4.700543396425712395e+00 -5.052450201791740980e+00
-5.543367389816872048e+00 -4.938428827963648793e+00
-5.854304470767102586e+00 -5.348217537087830209e+00
-5.723103510923886361e+00 -6.240254925533958996e+00
-5.295344978085214649e+00 -6.180437344625638652e+00
-6.166787786711443786e+00 -5.503795397847929038e+00
-6.451309929500491869e+00 -6.284306238698756708e+00
-6.429939774921577644e+00 -7.242078605434898009e+00
-6.128436251513433852e+00 -7.636523702607346920e+00
-6.867509981548819198e+00 -9.575952598143473438e+00
-7.094492134616436907e+00 -1.074369646595520678e+01
-7.541022543715575566e+00 -1.166797103764173826e+01
-6.514457936330600774e+00 -5.834863283169696935e+00
-7.055897069521923193e+00 -6.454369061035579058e+00
-7.085206049585081267e+00 -7.267073299194856340e+00
-7.065271433734696238e+00 -8.542949257300922028e+00
-7.365119800266500150e+00 -1.011723998898648880e+01
-7.658437200257594668e+00 -1.106434367795226059e+01
-8.074009546235545898e+00 -1.182641030625092426e+01
-8.349649756897784769e+00 -1.230499908675601439e+01
-7.017663664137240076e+00 -6.204882860798806021e+00
-7.526660250397059215e+00 -7.032460267622528072e+00
-7.871901688702992672e+00 -8.096578192144995967e+00
-8.013973304558652089e+00 -9.391052022243723485e+00
-8.240559780833814685e+00 -1.039013580801032255e+01
-8.603230783264200099e+00 -1.115750750823301374e+01
-8.931093264977885582e+00 -1.198941046521919773e+01
-9.330069892272703669e+00 -1.253702732777987450e+01
-7.483625999042206267e+00 -6.585835529424449497e+00
-8.188208186294238189e+00 -7.673059254760479675e+00
-8.755023827274680315e+00 -8.676096056604830409e+00
-8.762656243559161950e+00 -9.764212346979372015e+00
-9.122672042427938166e+00 -1.042305804893995536e+01
-9.485348617828391227e+00 -1.116409482154927879e+01
-9.840434351808040603e+00 -1.203197376438125410e+01
-1.029641316441031229e+01 -1.257346281014265799e+01
-8.226807735442156044e+00 -7.153673439631814013e+00
-9.153748207070533383e+00 -8.048187863791847363e+00
-9.760145225422565574e+00 -8.548006527898518669e+00
-9.845654684587328731e+00 -9.212643655137007670e+00
-1.029931665577456634e+01 -1.000220977697970248e+01
-1.068319360238994342e+01 -1.086407898486541512e+01
-1.114113991141312354e+01 -1.179862209028987685e+01
-1.141907256342187438e+01 -1.230777224571219008e+01
-8.647069963265135328e+00 -7.066018442369367492e+00
-9.512919283966645878e+00 -7.415688893407589077e+00
-1.044217213089518914e+01 -7.925330210864026448e+00
-1.101782103905237697e+01 -8.558638533759822309e+00
-1.136324094491258485e+01 -9.296209085718055931e+00
-1.170146578504417612e+01 -1.007375799529289395e+01
-1.194907031546894949e+01 -1.085225625168406793e+01
-1.216011349375592232e+01 -1.138956183624392082e+01
-8.561056494328683542e+00 -6.996326288151698769e+00
-9.390326793168078723e+00 -7.164056622491281168e+00
-1.041031946988093360e+01 -7.439895434091162052e+00
-1.126096423517208045e+01 -7.968419311908855995e+00
-1.175342248092134589e+01 -8.701371051346768581e+00
-1.208225591764907669e+01 -9.525926710531109620e+00
-1.229419960803843637e+01 -1.043736845999292306e+01
-1.142667423934859539e+00 1.131070509896643372e+00
-1.155834920331479054e+00 1.086832350619369114e+00
-1.103779533806235058e+00 9.328410370516366790e-01
-9.693803618856875470e-01 7.604621000724498536e-01
-1.843072544905219212e+00 2.017952670658551551e+00
-1.908422753014967777e+00 1.878725529091563207e+00
-2.036718618995828400e+00 1.677503638792594121e+00
-1.968997331429254150e+00 1.423297314271820380e+00
-2.419282711410271514e+00 2.731303926402898430e+00
-2.458570647828034250e+00 2.466506693821750140e+00
-3.051157449304810587e+00 2.184272502376686909e+00
-2.891722502411818496e+00 1.881920543817915847e+00
-2.819672358615349150e+00 3.246055237663263426e+00
-3.008068003815245195e+00 3.338402990431228012e+00
-3.520735427471334944e+00 2.830334612612557699e+00
-3.574376868524745898e+00 2.416816917808125353e+00
-3.447375944262621505e+00 3.888122097233547070e+00
-3.359034588636261809e+00 4.014564483755247437e+00
-3.764600065907347304e+00 3.606858251992646647e+00
-3.975699269879694686e+00 3.150719367078412603e+00
-4.202430278716886569e+00 4.313273331579062564e+00
-3.992718695037390297e+00 4.684801446402352632e+00
-3.992486857944932854e+00 4.552822754755559309e+00
-4.190934573874245395e+00 4.024738833774390123e+00
-4.791944590668512305e+00 4.656763618490169954e+00
-4.838673001090231907e+00 5.223917147875060785e+00
-4.523312360780658459e+00 5.530739481239610456e+00
-4.347106527211759719e+00 5.219440505662111818e+00
-5.192524040296820687e+00 5.174018986921557151e+00
-5.478253522272736653e+00 5.593190437273051430e+00
-5.304960578421322737e+00 6.467262038552891390e+00
-4.867380717228652287e+00 6.366754133667529736e+00
-5.800342874395701287e+00 5.779425540485163992e+00
-6.024498858720884975e+00 6.553767389440897873e+00
-5.942423314042064142e+00 7.504467044819099542e+00
-5.615743812585596295e+00 7.877114784247573276e+00
-6.247748156739934444e+00 9.837393399226439072e+00
-6.364106510029947650e+00 1.103099571644133903e+01
-6.719768358888486226e+00 1.198232507416865111e+01
-6.130257699842143637e+00 6.125793925404225959e+00
-6.646319651793911376e+00 6.760764675403635238e+00
-6.603559551524374349e+00 7.566400584998742573e+00
-6.499973750751027346e+00 8.802906280282471130e+00
-6.694998168525509108e+00 1.041160898788223932e+01
-6.899364256913349536e+00 1.138394261098233784e+01
-7.240204843554045588e+00 1.217669775028141643e+01
-7.461664859316885057e+00 1.266759719639610360e+01
-6.624606734718071266e+00 6.530222556251200849e+00
-7.081044203686075456e+00 7.359307156520227267e+00
-7.347980277146508143e+00 8.442091628034649631e+00
-7.386719692155382155e+00 9.727652976148515762e+00
-7.537417727530180578e+00 1.075422399700374854e+01
-7.827043368850648442e+00 1.155781820016808759e+01
-8.058882098654700954e+00 1.240352080030660886e+01
-8.399011055186377916e+00 1.299778472198225643e+01
-7.073720148417967479e+00 6.928744475675498116e+00
-7.707457247997859362e+00 8.053332130166632297e+00
-8.186072195988126410e+00 9.094926703620680897e+00
-8.102847691127983865e+00 1.018572992739358973e+01
-8.392227870134805201e+00 1.087482207315200000e+01
-8.679768177212904945e+00 1.163714183959294246e+01
-8.947938626982606891e+00 1.253240043893045019e+01
-9.338138894529437906e+00 1.312990267659517052e+01
-7.797667891023541742e+00 7.553609366909721956e+00
-8.646410137411882246e+00 8.513376163297762034e+00
-9.211728789644995530e+00 9.065330098437922146e+00
-9.214131092886718832e+00 9.741547679222829714e+00
-9.613794866132986172e+00 1.058318426644717469e+01
-9.898095807771206012e+00 1.148382004111517141e+01
-1.025754217387047618e+01 1.245739510610756007e+01
-1.046899281037972429e+01 1.299338938138208199e+01
-8.224217182159396344e+00 7.493576336729620202e+00
-9.061036522713013852e+00 7.919068107027695369e+00
-9.934098532977930773e+00 8.512617139169268654e+00
-1.043677791225069384e+01 9.221305505989159101e+00
-1.071196004498277077e+01 9.984307557585154314e+00
-1.098656970806382027e+01 1.080307577988272882e+01
-1.117993430336844618e+01 1.160864448412813132e+01
-1.131947436859894296e+01 1.215647472258295281e+01
-8.139170371223018563e+00 7.414359069495849219e+00
-8.960135923496341803e+00 7.657067745105726075e+00
-9.947118022347160249e+00 8.030107293306343763e+00
-1.073478846064626246e+01 8.653568653813408673e+00
-1.114071252053170369e+01 9.435564585703735574e+00
-1.139673807633269575e+01 1.028871896575438605e+01
-1.154902575566038792e+01 1.121419359620827194e+01
1.239629262221643557e+01 1.089021648386008323e+01
1.151652956649048676e+01 1.050351725557464810e+01
1.051242594190539670e+01 1.014057023540152791e+01
9.258283948509470562e+00 9.895701004487616359e+00
7.450132855941362209e+00 1.012565266595106728e+01
6.239293995591229880e+00 1.005703343577811815e+01
4.811799281089643721e+00 9.741958433562187381e+00
3.644469644540627495e+00 9.796409215446978180e+00
2.556719617677006617e+00 9.981756102751496940e+00
1.448856655406149496e+00 1.011904792076764359e+01
9.465182047012543620e-02 1.018035014743466427e+01
8.360944282541620254e+00 9.561622950679282695e+00
6.925475896390640429e+00 9.490743125895663823e+00
1.260470148057572359e+01 1.030178168624998669e+01
1.178276796588476394e+01 9.910962737303075087e+00
1.087083982313184372e+01 9.530843114236692060e+00
9.996917318965769184e+00 8.879875919967382458e+00
9.537259227654562466e+00 7.612703651481326439e+00
9.512815730687345095e+00 6.156775838689775959e+00
9.499561024390851927e+00 4.661996135619556725e+00
9.678179872298434461e+00 3.473044363944130186e+00
9.913402246294053199e+00 2.356563683945143151e+00
1.006819998431994634e+01 1.221284200648802498e+00
1.011434005266961478e+01 -1.633024701516455346e-01
9.243588742324247320e+00 8.436929727243326127e+00
8.972833736475386956e+00 7.141929104030475095e+00
1.225337860214768071e+01 -1.079038051847668456e+01
1.144681114069673455e+01 -1.036023384075642362e+01
1.055167990929853694e+01 -9.933450859267933808e+00
9.701560548863929156e+00 -9.244076741704221334e+00
9.286447752308104597e+00 -7.957465023872389409e+00
9.319700513132010755e+00 -6.507536676021258515e+00
9.331929180425040826e+00 -5.026592465271199295e+00
9.554370552702360797e+00 -3.834294321632388591e+00
9.834534512266804640e+00 -2.716399559798236663e+00
1.002431080914865369e+01 -1.564529205487128483e+00
8.961350029261359040e+00 -8.787767805431080603e+00
8.755766448632069654e+00 -7.495581857730547526e+00
1.202393443118702088e+01 -1.133154780721256749e+01
1.115589852767122103e+01 -1.091223824894089844e+01
1.014691873927572452e+01 -1.051322346652180784e+01
8.897039842242490337e+00 -1.023996510157382644e+01
7.045325311810667124e+00 -1.040531690458402458e+01
5.826442140491024269e+00 -1.028024353289415593e+01
4.389686890959552557e+00 -9.891951851646927807e+00
3.214536240680827994e+00 -9.890450711352604785e+00
2.109218972750063870e+00 -1.002352784474539860e+01
9.782792178025099261e-01 -1.010996251146710989e+01
-3.919072116322731003e-01 -1.011533850590146955e+01
7.995074443339715842e+00 -9.883952895561934682e+00
6.541031552710273367e+00 -9.748041062805675949e+00
-1.105529651318582118e+01 -1.224250801296696167e+01
-1.060406721756118031e+01 -1.144494064175011161e+01
-1.015331490727228037e+01 -1.055870263050857361e+01
-9.436385935681981252e+00 -9.728172513416112110e+00
-8.138138124063779344e+00 -9.335002016256801483e+00
-6.662704190137441529e+00 -9.357789546923882540e+00
-5.176705011344940210e+00 -9.373259392764008879e+00
-3.986950126717482945e+00 -9.584696871780995053e+00
-2.882160613631397084e+00 -9.844918523729576876e+00
-1.756657788595883396e+00 -1.001954794201452792e+01
-8.958498058142273734e+00 -9.007261182487049211e+00
-7.648049267498110204e+00 -8.798818743391885633e+00
-1.158483189373245636e+01 -1.197332933967062019e+01
-1.113994575031513534e+01 -1.111953633273041930e+01
-1.072513123130594792e+01 -1.012028763299398904e+01
-1.042216011619641947e+01 -8.887847060096495611e+00
-1.055705351068602127e+01 -7.068758483121290404e+00
-1.042698008828719836e+01 -5.865795997417425411e+00
-1.003825308429049379e+01 -4.466538459690271523e+00
-1.002593405413419347e+01 -3.303545250261148425e+00
-1.015773804850525330e+01 -2.215144702875655014e+00
-1.025433261230760706e+01 -1.097904660620492967e+00
-1.026454375899584370e+01 2.510246875113282261e-01
-1.004167904217741203e+01 -8.021643473256188983e+00
-9.892693457704091031e+00 -6.590324679410191067e+00
-1.065934994568703864e+01 1.268842345101439406e+01
-1.032489007667839154e+01 1.179370406268249205e+01
-1.001305916814408370e+01 1.075915499771478245e+01
-9.830634368846620674e+00 9.489708387829740133e+00
-1.011023233038616453e+01 7.631294086906889262e+00
-1.004980015695969264e+01 6.406107739063828355e+00
-9.743741567340329368e+00 4.973655010918906605e+00
-9.813379968975493028e+00 3.811000718565646928e+00
-1.000356401380566496e+01 2.724020806183322652e+00
-1.016785087154228684e+01 1.606999896964149466e+00
-9.535311637830785614e+00 8.555736755420644712e+00
-9.480327075985703900e+00 7.098003639622804783e+00
-1.009649582470330387e+01 1.286251132412336062e+01
-9.745115711211600029e+00 1.202577786020725448e+01
-9.391338737398871928e+00 1.111296995803825460e+01
-8.782595790539051706e+00 1.021678177579837410e+01
-7.538964463518071923e+00 9.724109539550887860e+00
-6.102057532921768335e+00 9.658083441707352890e+00
-4.642989057919384877e+00 9.587250166062078804e+00
-3.489085801160554112e+00 9.754326257191250349e+00
-2.394975758346895134e+00 9.991145176617147072e+00
-1.274042657558696945e+00 1.013707745158733076e+01
-8.383656585878393130e+00 9.454082014819368496e+00
-7.113863132872029205e+00 9.150785052349032611e+00
-7.278627808781684694e-02 1.633955560976242394e+00
5.705662825544095124e-03 4.340018075044550727e+00
8.279882780508066586e-01 2.309252757904955100e+00
-3.507271058747226528e-02 2.841736883088805232e+00
1.158500122635612861e+00 3.386678257861098995e+00
-1.760372242474052620e-02 3.804221126882362913e+00
2.143139021270690669e+00 2.683276814939770993e+00
1.196151077105055638e+00 3.491700142307173849e+00
-2.740995672340356543e-02 3.814162892941900029e+00
2.161717286786613457e+00 3.880453586474755134e+00
1.626752129106156852e+00 4.350836809165657293e+00
7.523108142461817360e-01 4.268791254541054236e+00
2.634290662368275804e+00 4.437547282815405225e+00
2.221440887874118975e+00 4.780484879950692267e+00
3.164570666892089434e+00 4.881567873156856585e+00
2.722093497162347830e+00 5.213269231822580174e+00
3.747483918886437504e+00 5.305177384828705378e+00
3.112154815769062388e+00 5.695425523080747787e+00
4.302031287369188384e+00 5.763005704511440896e+00
3.793453978236129398e+00 6.031396274022407411e+00
3.302591457651610440e+00 6.355337506029656858e+00
1.529825512925282016e+00 -1.040398355142953535e-01
4.249904223863736341e+00 -1.323913035682364181e-01
2.204271070783729858e+00 7.685396056090062489e-01
2.765421493251816187e+00 -1.133110448767837147e-01
3.273592765863532872e+00 1.081880890816135476e+00
3.697923194433004657e+00 -1.265600425534469942e-01
3.294462976390942544e+00 1.183308208980352383e+00
3.648598154907995550e+00 -1.257377888518050602e-01
3.855998058887159186e+00 2.005157589190792233e+00
4.388150162758416961e+00 1.334443006263552167e+00
4.204203505448386835e+00 5.604554058459391142e-01
4.510637637371338826e+00 2.394193507938868759e+00
4.890363744458798401e+00 1.861245745356927106e+00
4.971156876079522391e+00 2.907087164944231361e+00
5.338247505908918278e+00 2.320369947507535446e+00
5.415978871991769417e+00 3.463040034323633165e+00
5.818328338735400784e+00 2.685464596475536148e+00
5.894364006174937387e+00 3.985130665085319546e+00
6.189286549883862065e+00 3.368626082907033137e+00
6.458902048212673108e+00 2.881512743261682719e+00
2.176921877384988324e+00 -9.899644432198677624e-01
3.245633085094697279e+00 -1.321979510152461623e+00
2.069449486599554966e+00 -2.911901101586185980e+00
3.246595184482205632e+00 -1.420692815097312378e+00
3.821316175084586764e+00 -2.238407903494958884e+00
4.366053096860365912e+00 -1.589009936063785933e+00
4.187138925582067017e+00 -8.251428307788108985e-01
4.454024525341472085e+00 -2.630494794186215124e+00
4.851459022232122109e+00 -2.099959495155132583e+00
4.909541088616361293e+00 -3.149289480492738935e+00
5.296394911207253031e+00 -2.542895053976987896e+00
5.349440926582202493e+00 -3.694486195538621676e+00
5.777342663847760740e+00 -2.921188858240446606e+00
5.811960914015365631e+00 -4.211786470696775808e+00
6.120409592142478594e+00 -3.593736815804303042e+00
6.394868969944342396e+00 -3.108493794921517228e+00
-1.209620140911637637e-01 -1.820895641047237667e+00
-1.246316758042059908e-01 -4.519563931073464325e+00
7.606762556699996347e-01 -2.508238948126140677e+00
-1.260490814972903273e-01 -3.020588997163554001e+00
1.071160546840823846e+00 -3.576734454787366957e+00
-1.219265320606688074e-01 -3.980476599712016839e+00
1.100623638846810470e+00 -3.688336642896359763e+00
-1.238142810810722722e-01 -3.999290529458346732e+00
2.095986020000458083e+00 -4.052552108219448002e+00
1.533715853913070637e+00 -4.529562350267623216e+00
6.459724829776815058e-01 -4.451464056212519615e+00
2.548190351502616746e+00 -4.615959557680593406e+00
2.130701763256530601e+00 -4.942674906924397149e+00
3.070747447543119790e+00 -5.054349201162549043e+00
2.606295742136965465e+00 -5.359846523925187789e+00
3.621213082394334926e+00 -5.499061581791383269e+00
2.947869384422344474e+00 -5.845568629511700642e+00
4.152522019056445579e+00 -5.976476319717115793e+00
3.608316939154387892e+00 -6.224686206835698954e+00
3.065234703228427726e+00 -6.509601684437096303e+00
-9.986495679971054695e-01 -2.477787005524124453e+00
-1.306523459355387828e+00 -3.524943544111675209e+00
-2.293872884607360163e+00 -2.792711619074288887e+00
-1.340367333938521810e+00 -3.630247695610249181e+00
-2.270956394050195115e+00 -3.973569875736390422e+00
-1.738244371053006665e+00 -4.485274929893671825e+00
-8.883241479808238195e-01 -4.415936251632674114e+00
-2.713098387114202037e+00 -4.521219035677709108e+00
-2.297905421100358669e+00 -4.905915128189573871e+00
-3.275808295358877853e+00 -4.933697790169704334e+00
-2.778754268611490108e+00 -5.283105878645865339e+00
-3.845573274456540513e+00 -5.344973909422163771e+00
-3.138755758774696591e+00 -5.738818796702793712e+00
-4.354756491249482053e+00 -5.821572827176935583e+00
-3.794868883538147220e+00 -6.098067595144082809e+00
-3.346973128152760157e+00 -6.369953884055973958e+00
-1.725026793587033369e+00 -5.340850175009010520e-02
-4.459408117804899874e+00 2.541963389920109256e-02
-2.408881349003291206e+00 -9.084738303238856227e-01
-2.969689127104945925e+00 -2.156165948995385218e-02
-3.478258241121150451e+00 -1.218032490918549815e+00
-3.907505421487684316e+00 8.613453043031567974e-03
-3.486577931325264945e+00 -1.297547635234256758e+00
-3.864278481019723266e+00 3.961938758257841850e-03
-4.062379393726839538e+00 -2.200959542329728347e+00
-4.599610447167905569e+00 -1.554300712409417695e+00
-4.416756067130990004e+00 -7.233392929864936871e-01
-4.699387956031022995e+00 -2.656015446667975954e+00
-5.067517543276670366e+00 -2.148423599826952302e+00
-5.157484476797388417e+00 -3.171630546691132757e+00
-5.473649639351434892e+00 -2.640559969732974910e+00
-5.626725856647933455e+00 -3.679789279667669888e+00
-5.970308186924134120e+00 -2.994326178493832202e+00
-6.125064509918999534e+00 -4.163622351877183547e+00
-6.366529640313637550e+00 -3.637928447012102495e+00
-6.648219919760561147e+00 -3.101873716073298759e+00
-2.373174473478183888e+00 8.384280979597497074e-01
-3.446324768362874380e+00 1.214829813415381654e+00
-2.256679008894626914e+00 2.668082808834325359e+00
-3.472861949495558598e+00 1.290370313716521000e+00
-3.983215565277240078e+00 2.252033139851528531e+00
-4.542188354361287317e+00 1.641746889506852325e+00
-4.393961916558039249e+00 7.775452532705838804e-01
-4.587307155070569742e+00 2.785160292766062362e+00
-4.980056513641097915e+00 2.287896754673707012e+00
-4.996486279325048407e+00 3.326567871332095638e+00
-5.352080592726953689e+00 2.830766719685797295e+00
-5.402240701662340605e+00 3.898360535158351681e+00
-5.788282885661043764e+00 3.245473242024300653e+00
-5.846697464691015256e+00 4.438688008291070908e+00
-6.122604600115962192e+00 3.929701979683996260e+00
-6.439516846690009899e+00 3.404294652896667550e+00
-9.337831883148819401e-01 2.312951466398815548e+00
-1.204520971824705633e+00 3.386625661721636149e+00
-1.263460052852274362e+00 3.467380107534762779e+00
-2.103553979554889430e+00 3.896249905480273501e+00
-1.541078381460352587e+00 4.351908525729024646e+00
-7.364742568253082045e-01 4.262037676517868690e+00
-2.469249051257205618e+00 4.493255519240216600e+00
-2.041404620243648438e+00 4.811397472408782683e+00
-2.964864474773403202e+00 4.976305814406045691e+00
-2.443377009945574940e+00 5.274891541503953007e+00
-3.483369679350498238e+00 5.459890592815363597e+00
-2.738615015040009038e+00 5.807553454142595051e+00
-3.952523634581688317e+00 5.975490466638365916e+00
-3.364914107764081841e+00 6.225421670002643459e+00
-2.866306343808030732e+00 6.475432933623205045e+00
-1.026516147863418688e-01 -8.339900754682573469e-02
-7.387174922076693295e-02 1.575353669924638655e+00
-8.249762628477697035e-02 1.274064934294078633e+00
-8.871754575573083390e-02 9.795387314043846327e-01
8.154919120609812611e-01 2.221956251305182484e+00
7.467742712210159173e-01 1.980140107119213067e+00
-4.525990555550502698e-02 2.651010457531552511e+00
-5.045115114712412502e-02 2.351822214580086889e+00
1.204795643856659604e+00 3.096773523840861575e+00
-2.600841224394431772e-02 3.353535322075350766e+00
1.493283156320273086e+00 -1.039666834613029445e-01
1.216946720699863871e+00 -1.008252626943672570e-01
9.327109355538731883e-01 -9.974473813826760515e-02
2.151866775822889544e+00 7.454260150909773897e-01
1.931024303999946179e+00 6.639907236219994013e-01
2.573079130472135212e+00 -1.133479900859612477e-01
2.291606369871400872e+00 -1.146180649178236421e-01
3.059936225594102943e+00 1.073259103916041068e+00
3.293463051031714883e+00 -1.220297715184422427e-01
2.125209820874686351e+00 -9.714439732439442698e-01
1.909695219757423512e+00 -8.781660953079009069e-01
3.024846614593573513e+00 -1.312522741657730307e+00
-1.206090333095697492e-01 -1.756052086771645593e+00
-1.122244360160924437e-01 -1.443320034912630501e+00
-1.100928922093875745e-01 -1.149443319712548428e+00
7.504077751161066789e-01 -2.419942652135852690e+00
6.865307075332770514e-01 -2.177404280672295744e+00
-1.300118371922656113e-01 -2.823861516118823634e+00
-1.253671910037841009e-01 -2.531024746411309145e+00
1.128054183703304902e+00 -3.290130772735521791e+00
-1.186988598886748875e-01 -3.521270820829089043e+00
-9.892089422766083828e-01 -2.386394362104480305e+00
-9.248700176730315636e-01 -2.146268579623655803e+00
-1.357159935254086180e+00 -3.243612826702524821e+00
-1.688062890861355747e+00 -5.438423440400138448e-02
-1.427642946718610695e+00 -5.722591769007924489e-02
-1.145326603935819643e+00 -7.003253051473520840e-02
-2.356912220759890264e+00 -8.893718220852505629e-01
-2.144448636988795620e+00 -8.083735621179612973e-01
-2.781459358597901943e+00 -2.247146017567587528e-02
-2.507594420270151225e+00 -3.897956784698203975e-02
-3.254119235624918893e+00 -1.227129416107763271e+00
-3.503614633251498578e+00 -7.203038510419335419e-03
-2.325475420507145952e+00 8.122614427856305053e-01
-2.135250247314177230e+00 7.287011978698635373e-01
-3.217405357762517681e+00 1.207378878978498049e+00
-9.287667012865915561e-01 2.230901251554630704e+00
-8.758647585938452718e-01 1.995889122463443188e+00
-1.262444706093784452e+00 3.106521978238357740e+00
