2.990026507912635978e+01 2.085036355622702686e+01
5.384522167123827074e+01 9.399660545293290426e+00
5.412466551697470152e+01 9.425416102812707919e+00
5.440963304468102280e+01 9.606841653090874900e+00
5.846924980082997081e+01 1.150229756720808183e+01
5.884225200456825178e+01 1.157046470545709305e+01
5.900916216054165631e+01 1.162211223295069651e+01
3.004933165730587064e+01 2.064858723086034686e+01
5.389166433788155786e+01 8.948114105772575044e+00
5.417699856035501682e+01 9.160922296675773069e+00
5.448114735229216876e+01 9.305884619165187388e+00
5.848095564792750167e+01 1.101061473724958439e+01
5.896958992085158258e+01 1.135654268520196908e+01
5.913356210203040320e+01 1.140063359448949676e+01
5.357401450925446085e+01 7.678067750448525075e+00
5.379057915534560408e+01 7.865975979821158148e+00
5.429288537354453581e+01 8.440778140107044081e+00
5.468456734957993604e+01 8.629548558499841704e+00
5.856369461626137252e+01 9.964136795046165673e+00
5.931304286843239737e+01 1.085368155672202128e+01
5.944398845028716494e+01 1.094520678335906005e+01
5.363488758047421356e+01 7.401062824093082249e+00
5.380655089651932599e+01 7.467696418129460056e+00
5.440805412083169301e+01 7.678684276324891478e+00
5.484162939792747693e+01 7.818834450430916405e+00
5.879000431858395359e+01 9.450668356741806164e+00
5.967557625876603566e+01 1.036962433862014699e+01
5.977296597699478298e+01 1.049239116911869552e+01
5.365333735200756138e+01 7.189019361276888453e+00
5.382582384737357017e+01 7.222097983816810896e+00
5.451396827114071897e+01 7.375807599959646410e+00
5.492309879170980480e+01 7.461180558303834864e+00
5.892223518605901234e+01 8.981219692141191757e+00
5.985947012898837727e+01 1.016499883972805129e+01
5.992960407143245760e+01 1.029852331937215482e+01
5.459652377050458938e+01 -7.337568038663859760e+00
5.479382962446053540e+01 -7.305239249094498177e+00
5.547239839665934369e+01 -7.208086911367797889e+00
5.582026734569251403e+01 -7.148756397319022682e+00
6.283409305404310885e+01 -9.037447297782660982e+00
6.336221752692495102e+01 -9.006751095257019557e+00
6.352503338046140868e+01 -9.002107958400266341e+00
5.459151821350930334e+01 -7.615898515209718056e+00
5.478246320498146815e+01 -7.606924599749917526e+00
5.542578799032029480e+01 -7.537039684979529142e+00
5.579270883417282789e+01 -7.497887343824311657e+00
6.287051903136789122e+01 -9.327889286541269698e+00
6.336549772134969771e+01 -9.275905661066794039e+00
6.353196381467373755e+01 -9.267865748127279701e+00
5.450199401160225676e+01 -8.203905032815235643e+00
5.469425618888322305e+01 -8.225852124769044593e+00
5.534396153214409253e+01 -8.239674634383112206e+00
5.577828947418532124e+01 -8.247860701397231153e+00
6.273567244628301864e+01 -9.966187481996769293e+00
6.341732504400055603e+01 -9.854512463120849830e+00
6.358233010686813458e+01 -9.846287558529306594e+00
5.433249865914908838e+01 -9.159161592787235406e+00
5.453194137099406191e+01 -9.196920570677551865e+00
5.516477507206466413e+01 -9.337303381699104676e+00
5.558432525554620440e+01 -9.433090906391516484e+00
6.261128575359281001e+01 -1.084369922036818679e+01
6.342795415406092019e+01 -1.045235949429728350e+01
6.363300398789665024e+01 -1.034833734769666336e+01
5.418197730521982436e+01 -9.876676368746021950e+00
5.437336549011284603e+01 -9.944343348000169058e+00
5.496588249833064310e+01 -1.012342641309115088e+01
5.539831791381207182e+01 -1.020564612166539398e+01
6.259544194914440851e+01 -1.178433768690424976e+01
6.340569906916598342e+01 -1.238241082912626823e+01
6.358270281453354045e+01 -1.249644984708349504e+01
5.396833693138088250e+01 -1.072382811272076175e+01
5.415198696725958172e+01 -1.082957803746054992e+01
5.464217075439596982e+01 -1.116950057824379172e+01
5.501036530963770588e+01 -1.137323044210164547e+01
6.273987476503484118e+01 -1.276605283229803867e+01
6.344843887655372328e+01 -1.293730297275431163e+01
6.359070377643591598e+01 -1.296939540946536340e+01
5.383625929114269582e+01 -1.121752280305259220e+01
5.408645606141259066e+01 -1.141270246297144020e+01
5.442374127327090605e+01 -1.178863218816204039e+01
5.468391974908368525e+01 -1.199275423385215333e+01
6.254086010379209171e+01 -1.432636679817368019e+01
6.344524846104455662e+01 -1.360523762249047053e+01
6.357396372292718212e+01 -1.352817533287562313e+01
2.471621990884500164e+01 -2.505710838931001661e+01
5.400480195588234977e+01 -1.179687233048033868e+01
5.433270516658280513e+01 -1.206577252833788094e+01
5.457441429244499176e+01 -1.228625090703160261e+01
6.286327920010057824e+01 -1.438682381336252547e+01
6.347165336290132842e+01 -1.391193358134424507e+01
6.362056169398799454e+01 -1.376846835971156047e+01
2.184382179406356173e+01 -2.794164518340956604e+01
7.115605334653642977e+00 -5.386050796214195913e+01
7.118165069890033614e+00 -5.409681490093731782e+01
7.270514766934081052e+00 -5.432785203835921095e+01
9.090193678575014147e+00 -6.108778059460039600e+01
9.043214976661181126e+00 -6.138142545706164555e+01
9.055606505469661727e+00 -6.152345342254930216e+01
2.162859513551180513e+01 -2.807809682632205650e+01
6.685161175081877794e+00 -5.393838240506359938e+01
6.865108687675935961e+00 -5.416612200751291795e+01
6.964732085966645947e+00 -5.440548210224629599e+01
8.602906478696571213e+00 -6.103241160485835337e+01
8.797361037969942288e+00 -6.144040968595651719e+01
8.802244281362481715e+00 -6.156800916523959444e+01
5.098866920771680356e+00 -5.372702104119695576e+01
5.316429404560733651e+00 -5.391369983921117637e+01
6.151547481728532496e+00 -5.434055466908061049e+01
6.320187407242533695e+00 -5.461985917649242595e+01
7.541746668059146508e+00 -6.094776774802498664e+01
8.190277002015402985e+00 -6.160061573887767139e+01
8.263597767420462148e+00 -6.172889914768849451e+01
4.704464822551942760e+00 -5.383569191118479580e+01
4.787557411133621876e+00 -5.397661768040875785e+01
5.121580406933659013e+00 -5.449572008118397548e+01
5.390594690641656861e+00 -5.494818423054469037e+01
6.833614212431420754e+00 -6.101629942689349662e+01
7.609419354462526819e+00 -6.170610186247311901e+01
7.816085407300659149e+00 -6.185924926402075386e+01
4.037230721374649889e+00 -5.392635063976599952e+01
4.076651481611609285e+00 -5.411893720374179395e+01
4.198550484277944861e+00 -5.473445130646255308e+01
4.303147103478204727e+00 -5.520737603090721990e+01
5.857824934671236328e+00 -6.119588142584201762e+01
5.514080569734705506e+00 -6.207692172651574225e+01
5.430262604404075155e+00 -6.227789580777354672e+01
3.144746917459058988e+00 -5.406730133331512889e+01
3.175932113213371544e+00 -5.427500520713955012e+01
3.231008371990733874e+00 -5.491967258731046542e+01
3.275610240811333007e+00 -5.536027221838312329e+01
5.002665391703160935e+00 -6.142698058758081459e+01
4.958078162589359295e+00 -6.213632547516090909e+01
4.966633829557027369e+00 -6.229751123778118682e+01
2.539172281348531346e+00 -5.417013077772192275e+01
2.536211211965126555e+00 -5.435468304793484151e+01
2.491727776098514369e+00 -5.500784375500765577e+01
2.470137581486344658e+00 -5.538720691837836085e+01
4.390793550381390631e+00 -6.161575882474812005e+01
4.391757525014750030e+00 -6.212208022434590760e+01
4.400042810297666307e+00 -6.230084550898622098e+01
2.252534083548051846e+00 -5.417014772548900226e+01
2.224601529053225057e+00 -5.436337416806068035e+01
2.151971200856841460e+00 -5.506279324701714728e+01
2.111354255537545299e+00 -5.541722323927849914e+01
4.099751674557713166e+00 -6.159640672201244627e+01
4.121242863522131650e+00 -6.215340971980671014e+01
4.135908175262153819e+00 -6.231767647138077848e+01
-9.792425268836154828e+00 -5.315878280064553252e+01
-9.850256951515152792e+00 -5.334900033511716799e+01
-1.011152525502788890e+01 -5.398067276249798141e+01
-1.027721396208002425e+01 -5.438028801630312614e+01
-1.269326547268681260e+01 -5.747679952609073695e+01
-1.407386900845466116e+01 -5.821782198740897485e+01
-1.421380115254379817e+01 -5.827249226053748998e+01
-1.001525824271101683e+01 -5.313947851531501954e+01
-1.010909342366304386e+01 -5.328465870890779144e+01
-1.040969906249764598e+01 -5.385088108682281671e+01
-1.063536580329814818e+01 -5.425584552790587622e+01
-1.314143638498114797e+01 -5.728160248694992163e+01
-1.424214820927031866e+01 -5.800787077602554120e+01
-1.438055277303085866e+01 -5.807826806577260470e+01
-1.031272690541788783e+01 -5.306787982376444290e+01
-1.052904069602085713e+01 -5.325980388042816571e+01
-1.108687216073535531e+01 -5.363466808923299567e+01
-1.142980631572313754e+01 -5.396734489522182798e+01
-1.362208551140760271e+01 -5.697612839468853707e+01
-1.465798563682557010e+01 -5.757783140480236028e+01
-1.477433889172302983e+01 -5.769049726768374597e+01
-3.084625386256353607e+01 -2.259014712672504643e+01
-1.122014497125605992e+01 -5.325403171510765077e+01
-1.169923139729967865e+01 -5.357353066055657109e+01
-1.198217405488714782e+01 -5.372642128231231595e+01
-1.463447967787566384e+01 -5.674518911166064328e+01
-1.510351119658469443e+01 -5.715898092546562737e+01
-1.517789723659324608e+01 -5.731349924556527498e+01
-3.114862122746201223e+01 -2.233062977654032011e+01
-3.138008277415372760e+01 -2.270953600213572088e+01
-1.204082294248834550e+01 -5.350772039800622792e+01
-1.223924456782538428e+01 -5.363216302019007031e+01
-1.513540376363308759e+01 -5.666339687043301154e+01
-1.529603234723325400e+01 -5.700916656362435475e+01
-1.538162792154671621e+01 -5.714602722783620692e+01
-3.342624130598024834e+01 -1.922689961821703974e+01
-5.540014623628699297e+01 -7.669844113956851395e+00
-5.579619094086810804e+01 -7.850295640564754152e+00
-5.608604223866976923e+01 -8.006194105566340369e+00
-6.461691807208569571e+01 -7.211453243895893372e+00
-6.522864733552786731e+01 -6.696617283500721385e+00
-6.537596264519956435e+01 -6.562913408765692402e+00
-5.513942994808662945e+01 -7.142471996767587150e+00
-5.542730688534263805e+01 -7.281256963411922634e+00
-5.583572258749705242e+01 -7.568630149168777521e+00
-5.614198739000962490e+01 -7.698147678626973800e+00
-6.423904310567461096e+01 -7.029440879909207851e+00
-6.517346473628782633e+01 -6.425397080124270133e+00
-6.531550315151430652e+01 -6.324025061637585488e+00
-5.518752893734489362e+01 -6.635802747661114331e+00
-5.540019712944004482e+01 -6.694723007466655496e+00
-5.596557778359953517e+01 -6.907728868889994267e+00
-5.637333258512672529e+01 -6.993283662192660621e+00
-6.409086935164070553e+01 -5.981691296648864231e+00
-6.505961353828149640e+01 -5.777477182962506674e+00
-6.522276366100159350e+01 -5.749514686484530124e+00
-5.528353105263432354e+01 -5.820525433748060529e+00
-5.547529335729043254e+01 -5.851275339249220053e+00
-5.610309706196216695e+01 -5.945640088688092462e+00
-5.655071228578500353e+01 -5.955743591996204955e+00
-6.397449507139420177e+01 -5.042180914931194913e+00
-6.490844415651575616e+01 -4.897063159544155830e+00
-6.509724012495384216e+01 -4.871390692512982845e+00
-5.534824716889188068e+01 -5.060489197121381899e+00
-5.556823128492105468e+01 -5.058126441367586601e+00
-5.619923046933228505e+01 -5.020458616989762035e+00
-5.663563938288579891e+01 -4.958713266684052101e+00
-6.391894377701386531e+01 -4.135395468280681719e+00
-6.479706804426501776e+01 -4.086097964202540567e+00
-6.499953956182082493e+01 -4.097129668365603550e+00
-5.539917380527690227e+01 -4.442188248166205611e+00
-5.558504487733188171e+01 -4.413982836942645704e+00
-5.624630912395906535e+01 -4.279093754024919427e+00
-5.660878236921315221e+01 -4.166685437298501604e+00
-6.395325304045277903e+01 -3.255432287832482618e+00
-6.466576314165189387e+01 -3.073824396548420879e+00
-6.486238979601370147e+01 -3.052483294494416466e+00
-5.538408895840642288e+01 -4.163667467201463523e+00
-5.558676755445157625e+01 -4.110549179242566353e+00
-5.628048405606056548e+01 -3.940356036919669513e+00
-5.664932247304698620e+01 -3.837790221100701782e+00
-6.412943071029658881e+01 -2.604141463046352634e+00
-6.458662498969623300e+01 -2.511720449997241200e+00
-6.475977404492317646e+01 -2.494512975432991997e+00
-5.425416614104829449e+01 1.095522220628657273e+01
-5.445949973577799597e+01 1.093331511925782706e+01
-5.513419661350143031e+01 1.087866959647855758e+01
-5.546308669215795817e+01 1.082669038519650861e+01
-6.409716489135114159e+01 -2.296710321996352722e+00
-6.457728121451117431e+01 -2.243798422629728950e+00
-6.473714034705650988e+01 -2.226907789228478762e+00
-5.424040330044736180e+01 1.122651488921211360e+01
-5.442171600034210854e+01 1.123129924801762769e+01
-5.506445426586283531e+01 1.120169972239185796e+01
-5.542182465329842955e+01 1.117846193547774902e+01
-6.084002360835631862e+01 1.401893923527377694e+01
-6.220755656369937014e+01 1.463816760523833160e+01
-6.233475863516354565e+01 1.471633577176596219e+01
-5.414791979882941320e+01 1.178288251120659780e+01
-5.433436735355964942e+01 1.182489510984902203e+01
-5.495396626613942459e+01 1.194969315279191946e+01
-5.540164050327702938e+01 1.206602642076375353e+01
-6.090999484624416738e+01 1.450196750164066550e+01
-6.214240987937780147e+01 1.491412903853455063e+01
-6.227127975612642530e+01 1.496708563904888223e+01
-5.401295387892532318e+01 1.251726670773093275e+01
-5.421509103181757183e+01 1.260570526512733203e+01
-5.476575563012438153e+01 1.290202790338464567e+01
-5.517463742911505875e+01 1.309737928042988386e+01
-6.083112228734951543e+01 1.524913595955687917e+01
-6.199693698498804650e+01 1.547176736420858667e+01
-6.215061402340557350e+01 1.549443211787783170e+01
-5.392462166274800239e+01 1.301055560000492761e+01
-5.419915782016176564e+01 1.319392587670370887e+01
-5.459873037009601404e+01 1.354561350589266411e+01
-5.489259785677006676e+01 1.374643308549964971e+01
-6.073219061681727737e+01 1.620354167324399697e+01
-6.186864032338306885e+01 1.607332326273818168e+01
-6.202708778446200455e+01 1.604566325595395426e+01
-2.466095314206605593e+01 2.565856395181395655e+01
-5.415000268622212332e+01 1.357787154384375761e+01
-5.452636952642602353e+01 1.382325712286970365e+01
-5.480188076805040254e+01 1.403866547050210833e+01
-6.104594650696966340e+01 1.653080686503676944e+01
-6.183529824706589295e+01 1.634096270041906962e+01
-6.202227370297723041e+01 1.627832314537361569e+01
-2.203843701104376507e+01 2.866619173536338039e+01
-9.106351076854560134e+00 5.325810838520663992e+01
-9.146453274959466029e+00 5.352270035701565121e+01
-9.339706439131717275e+00 5.380181315160519517e+01
-1.143786383756496505e+01 5.780145517733880212e+01
-1.152314188319006938e+01 5.817870244597575180e+01
-1.158462119967991910e+01 5.833087475826285839e+01
-2.182380613262087365e+01 2.882721572608719640e+01
-8.658524513997329919e+00 5.332313803115041395e+01
-8.886362378144276875e+00 5.359691880623428517e+01
-9.044346356045490865e+00 5.388962622821495074e+01
-1.094258099306157739e+01 5.783666284232329957e+01
-1.130890882175183876e+01 5.829946264381569421e+01
-1.136123731133682568e+01 5.845118821053730329e+01
-7.373535749802789141e+00 5.307917400945500930e+01
-7.571991887283707534e+00 5.327900890851033466e+01
-8.179064962700095975e+00 5.374587107985046686e+01
-8.383665300402565634e+00 5.413011960828699642e+01
-9.908596287432580141e+00 5.795605898735888672e+01
-1.081248125870342669e+01 5.866105235933354578e+01
-1.091274260879833591e+01 5.879121432320772556e+01
-7.097871007545003330e+00 5.316097176881059738e+01
-7.171761442429426481e+00 5.331787032548324134e+01
-7.412339808398245466e+00 5.390920437543579169e+01
-7.569506974604993665e+00 5.434325725202733537e+01
-9.401858327683155991e+00 5.820967520512147075e+01
-1.034313347898324942e+01 5.902959354041421847e+01
-1.046981508168457253e+01 5.912359621848123936e+01
-6.882852298884015951e+00 5.317557824873802730e+01
-6.924597405622823665e+00 5.335332414771398390e+01
-7.113306773804282557e+00 5.404030989600829571e+01
-7.217308441455639212e+00 5.444205186330912483e+01
-8.930550929413435313e+00 5.834769520549072297e+01
-1.014828482636656659e+01 5.922879593319916580e+01
-1.028235822934638577e+01 5.929620926347937626e+01
7.149829541265352084e+00 5.451289847619191420e+01
7.120664901697327132e+00 5.472088885065821984e+01
7.040294653122458612e+00 5.540683474053320623e+01
6.989162414801763923e+00 5.576020046143258213e+01
8.870022559102423543e+00 6.262721491512444771e+01
8.836436091025985817e+00 6.315246941123146485e+01
8.831099010269820582e+00 6.332608523235754205e+01
7.428916292924770737e+00 5.451491859896878367e+01
7.423639420059020111e+00 5.470497077256284513e+01
7.371508417343100028e+00 5.535983276860019231e+01
7.337913070198192500e+00 5.572854620075312226e+01
9.158537663036456777e+00 6.266762987355167525e+01
9.105719116447289707e+00 6.316479454915094749e+01
9.096021748365142656e+00 6.333464276846625296e+01
8.017898707623585253e+00 5.441917528736340870e+01
8.045695797894905965e+00 5.462426949613479366e+01
8.081585380631953086e+00 5.527377318330525213e+01
8.101950897518976902e+00 5.571294946987231356e+01
9.792733371720878210e+00 6.254014187767312194e+01
9.680075010461008489e+00 6.322789453883333977e+01
9.672467410177695513e+00 6.338622898024892294e+01
9.000712074298556686e+00 5.426182979840935872e+01
9.027388680710739521e+00 5.445979583587450179e+01
9.138833542815254063e+00 5.510974766173249861e+01
9.221563735182334298e+00 5.553614439756305643e+01
1.067243897171138300e+01 6.244078785838006951e+01
1.027406027493501206e+01 6.323308911970104162e+01
1.017244318759270882e+01 6.343117987648159328e+01
9.697013598926686129e+00 5.412592465632341288e+01
9.759257545288633651e+00 5.430640634033552061e+01
9.943866848580364959e+00 5.490956006985614835e+01
1.003722072271438037e+01 5.534732581198040435e+01
1.161272544201432844e+01 6.239828388861220532e+01
1.219818315179949408e+01 6.322100395383012739e+01
1.231185247337188038e+01 6.340000317695084675e+01
1.054894973437395045e+01 5.392839764430924276e+01
1.065275570270579664e+01 5.410974108737617172e+01
1.098660067885545466e+01 5.461292314820826732e+01
1.118793731900096411e+01 5.498059600903245325e+01
1.260537912433391483e+01 6.251008132421770114e+01
1.275502590059203811e+01 6.324562687635071967e+01
1.278520995111939129e+01 6.339566926476472730e+01
1.104145314546616063e+01 5.380746377526738655e+01
1.123831774290411190e+01 5.405597792179106875e+01
1.160879024595613629e+01 5.440715146418572346e+01
1.181118719159482211e+01 5.467082654671825992e+01
1.405926170552018739e+01 6.232614581171153390e+01
1.342102797436240280e+01 6.325020741207563191e+01
1.334952209952379931e+01 6.338844657820603601e+01
2.672353304166621157e+01 2.358178004682358520e+01
1.162342696143301346e+01 5.398744958539440830e+01
1.188525399022699602e+01 5.432310916561473846e+01
1.210010158748859865e+01 5.456284000385555544e+01
1.416405340997625828e+01 6.264381363860684360e+01
1.372220730557245183e+01 6.325661273749682323e+01
1.359172537900578881e+01 6.341717457549547277e+01
5.632935212030054650e+00 6.274225962283315194e-01
1.457492047556107728e+00 1.953273083260902154e-01
-8.152533950070960378e-01 -2.740272550521490880e-01
-9.253926440629623995e-01 -3.002722804679339164e-01
7.018042859021272228e+00 1.353870376883701709e+00
6.956531524402456590e+00 1.226804910731410958e+00
1.441629873023751451e-01 4.732485451802157517e-01
-4.555645434409222316e-01 1.507153348809084914e-01
7.381681546000638861e+00 1.590562565252735094e+00
7.385259531283724144e+00 1.575479405272789624e+00
1.762684522783237284e+01 1.695032829711388089e+01
1.755017262219307739e+01 1.691410046445390591e+01
1.102233530886434920e+01 9.744499808629466520e-01
1.851713652540877320e+01 1.737388342964065657e+01
1.803506387612544160e+01 1.727740038574613024e+01
1.776552124161456447e+01 1.709959574984663178e+01
1.967172604551048920e+01 1.787883166657981349e+01
1.917209073262408126e+01 1.796686208082746106e+01
1.855785066221202939e+01 1.771693415662937809e+01
1.817319269318233310e+01 1.746493649879437982e+01
2.506511815835568413e+01 2.189320370067460786e+01
1.952530703201968620e+01 1.838165803811405041e+01
1.914228767970217504e+01 1.829819988597586544e+01
1.870507647789655437e+01 1.800130145107178592e+01
2.553363364913190026e+01 2.210448442033542804e+01
2.011510925079716472e+01 1.934587723169425288e+01
1.966847301433605821e+01 1.896178537364725969e+01
1.935684637924952156e+01 1.872449849724417703e+01
2.669868564134851496e+01 2.273589316503541014e+01
2.035427616903384873e+01 1.967747345818131066e+01
2.008205912367225210e+01 1.949153773784509269e+01
1.979300339648477447e+01 1.925711527392218869e+01
2.697533288626444659e+01 2.319325011343623899e+01
2.713933968372651862e+01 2.310030140253080333e+01
2.027110116493790670e+01 1.974120084212381343e+01
2.006367648961241557e+01 1.956592479003110086e+01
2.727189107348223374e+01 2.332594993109225356e+01
3.772601880202351055e+01 3.732902570136668174e+01
3.845274713133034794e+01 3.810352874541316481e+01
3.882952636801012147e+01 3.847914660419620958e+01
3.931863636011955521e+01 3.878776176073624526e+01
4.029860262027555962e+01 3.940129086778269851e+01
4.096678963213808089e+01 3.978907096935735410e+01
3.745764613569144785e+01 3.697659986287170142e+01
3.778073391145280624e+01 3.710837639002613741e+01
3.817391219795904789e+01 3.746931955103522682e+01
3.893871462582902154e+01 3.834556317803287584e+01
4.006806880240335289e+01 3.900113336902121119e+01
4.074855312862786860e+01 3.951490758503718581e+01
4.126550662051427310e+01 3.983022959065188928e+01
4.155297584855039617e+01 4.001581650168214566e+01
3.777004859201250753e+01 3.682771715830808290e+01
3.819283793363670299e+01 3.702824009431772367e+01
3.867233958725682186e+01 3.739515300814452559e+01
4.014980951048405444e+01 3.841257689066704728e+01
4.064513509293644233e+01 3.889264743153697879e+01
4.129745163040462330e+01 3.953718990222107976e+01
4.177641062655038695e+01 3.997146400840565406e+01
4.209632459866801213e+01 4.016977551913528544e+01
3.824718667140355421e+01 3.671082238587026580e+01
3.858562212806248937e+01 3.698165767766612078e+01
4.012332717698085105e+01 3.798088720935433571e+01
4.053292697678954681e+01 3.846108418688528729e+01
4.113945291608634136e+01 3.897887814753416791e+01
4.186167241738594669e+01 3.975138504821126162e+01
4.221406924447391162e+01 4.013307845586681566e+01
4.238220611367543711e+01 4.024427196255133765e+01
5.324991619216243066e+01 3.483983120370856312e+01
5.150575101148780277e+01 3.521170100238332168e+01
5.138732447481951482e+01 3.550339165909181816e+01
5.105710580777417107e+01 3.563161268378277668e+01
5.004555311272483209e+01 3.804770979011749432e+01
5.004337119757164487e+01 3.865769467532280146e+01
5.010111497208006170e+01 3.917453084760115445e+01
5.011780687694363223e+01 3.934229713146904572e+01
5.380380084249107853e+01 3.523306213191252567e+01
5.347454128412670116e+01 3.547996750943441668e+01
5.293545086718044956e+01 3.603950782068456959e+01
5.254543850917263370e+01 3.662427676797337739e+01
5.210657548810241479e+01 3.748203153401107102e+01
5.157458793925874829e+01 3.831569952236087317e+01
5.128530690585859020e+01 3.870880744503606508e+01
5.115354308131741590e+01 3.887578737360752967e+01
5.398537014825824798e+01 3.522758469981085483e+01
5.373504618996376792e+01 3.541167307741853421e+01
5.334037399636180510e+01 3.580452067381302328e+01
5.286308324397642622e+01 3.640147673130496742e+01
5.241886677087327229e+01 3.713220867856437479e+01
5.196128332580579468e+01 3.789561657347137213e+01
5.151810919304224257e+01 3.854073163076830610e+01
6.987856598028471034e+00 -1.572610564451300874e+00
6.910539858460940543e+00 -1.404846887359646690e+00
8.811014389940673153e-02 -1.033959457821707284e+00
-4.440209797242665180e-01 -7.645168226027140301e-01
7.280997780355495053e+00 -1.768368452606456476e+00
7.280998378380663105e+00 -1.745078593930849298e+00
1.876876980056379907e+01 -1.547829282160757991e+01
1.873434706247956072e+01 -1.540115036626232303e+01
1.089828441407575177e+01 -1.455598282083124362e+00
1.917406182759165389e+01 -1.636512772300251584e+01
1.909698454500615483e+01 -1.588821069089976667e+01
1.891430448803714981e+01 -1.561941148203512242e+01
1.963342576082068547e+01 -1.753254060527486047e+01
1.976009060683952967e+01 -1.703644897853137152e+01
1.952205582205796830e+01 -1.642318507277646233e+01
1.928375290617589499e+01 -1.603082629079951715e+01
2.312375663390528757e+01 -2.332644389986847600e+01
2.014554904067376739e+01 -1.742049273035075885e+01
2.008131299420466931e+01 -1.703956860736261447e+01
1.979587285548656439e+01 -1.657929108504191618e+01
2.331267396856119944e+01 -2.380776572410663050e+01
2.107702642889937650e+01 -1.808975744736005353e+01
2.073078140137542391e+01 -1.760988141460244094e+01
2.051563601894583755e+01 -1.729162409845504556e+01
2.387327614257814545e+01 -2.498084632306535013e+01
2.139774682193006328e+01 -1.834478241308086766e+01
2.122073476813174508e+01 -1.805783885324502691e+01
2.100947787814980217e+01 -1.776323961472000335e+01
2.430905030581606141e+01 -2.529227404214577390e+01
2.421492500554039040e+01 -2.545096384683314028e+01
2.145803858103813866e+01 -1.827147543941310559e+01
2.130891063399403862e+01 -1.805047716311410966e+01
2.442507828871546849e+01 -2.559831914663015340e+01
3.757647364291175052e+01 -3.786136137135937219e+01
3.822798353576631314e+01 -3.869189817059146463e+01
3.853954698024492842e+01 -3.912653534534766209e+01
3.878448802713803190e+01 -3.966375955333569436e+01
3.924669548013393694e+01 -4.072226501994465764e+01
3.952457854258354075e+01 -4.144629587990453246e+01
3.725226593617386328e+01 -3.754235613089684875e+01
3.733792380672168321e+01 -3.787660367804579664e+01
3.764011357656681156e+01 -3.831812846195948197e+01
3.839926349653610771e+01 -3.921850423209373560e+01
3.888261371101833674e+01 -4.041986104484218600e+01
3.928582779624052534e+01 -4.119000561096382995e+01
3.952564918952649009e+01 -4.174586451480420379e+01
3.966689201941627374e+01 -4.205799292868184125e+01
3.706511639370086897e+01 -3.782468839784971948e+01
3.720890834190518603e+01 -3.828139901350576224e+01
3.749646723365610512e+01 -3.880678074798309751e+01
3.828443031867465862e+01 -4.039446129506551841e+01
3.868631086034124422e+01 -4.097136743601834041e+01
3.923236844352221198e+01 -4.172415136063104057e+01
3.959098695059469009e+01 -4.228181084693751757e+01
3.974229845123027616e+01 -4.262355981821760054e+01
3.689015332966573624e+01 -3.827671516995166456e+01
3.711085980832977782e+01 -3.865312289533024881e+01
3.786972091841147403e+01 -4.030689092533837226e+01
3.827780897287428985e+01 -4.078391158246711967e+01
3.870616468892210804e+01 -4.148262577615668789e+01
3.936525708612842323e+01 -4.233303995593924896e+01
3.968835612741862917e+01 -4.273506455023303374e+01
3.978193039220013105e+01 -4.293056690531587805e+01
3.418307973706368585e+01 -5.375696610467024072e+01
3.449836892743540062e+01 -5.192262465458229315e+01
3.478658329591897314e+01 -5.181009408648370140e+01
3.492266111444577348e+01 -5.146920559442682475e+01
3.721697500527424296e+01 -5.036919131966889296e+01
3.783633702219661643e+01 -5.035335304533109735e+01
3.835360404623426689e+01 -5.041604020625467797e+01
3.852613692946781043e+01 -5.043843004115220197e+01
3.454723110676332709e+01 -5.425856633237509641e+01
3.478451150717155116e+01 -5.392483848504026156e+01
3.532360694060925965e+01 -5.334856664953375827e+01
3.588381958026694463e+01 -5.291753865543476110e+01
3.671633005244606096e+01 -5.243116321745252151e+01
3.752785797955727531e+01 -5.187509430515438424e+01
3.790734206941844775e+01 -5.156399363861321206e+01
3.808738472943555564e+01 -5.143436097865619416e+01
3.455893065693700095e+01 -5.444207966979330138e+01
3.472020055703826102e+01 -5.417678640862093431e+01
3.509918286155058098e+01 -5.377438107385977872e+01
3.566369968598189644e+01 -5.325292330030861621e+01
3.636509235268618312e+01 -5.277391641353980134e+01
3.711263953480516875e+01 -5.226494067358024864e+01
3.773589763679711240e+01 -5.178790733295269177e+01
-9.060415979135772346e+00 -2.526096355832422091e+00
-8.935454421007188230e+00 -2.362487807878113966e+00
-1.728417864994038933e+00 -1.140972106274851017e+00
-1.404249422050519946e+00 -7.936926722431206782e-01
-9.236188786298194842e+00 -2.718633636646881069e+00
-9.182703305078568690e+00 -2.701549597161610361e+00
-2.082385018106498364e+01 -1.562595211104671833e+01
-2.074747675178983997e+01 -1.560062240310265835e+01
-1.260596699426066714e+01 -2.569736929308471751e+00
-2.172719213691077655e+01 -1.596700402171418887e+01
-2.125593353059510804e+01 -1.592156817248645773e+01
-2.097573748352056100e+01 -1.576388832335375945e+01
-2.291167251011509265e+01 -1.636738832177694292e+01
-2.244534039294412864e+01 -1.651161323477440490e+01
-2.181641147128997105e+01 -1.631379538023441356e+01
-2.141345158140379112e+01 -1.609858887976128372e+01
-2.945888031932442175e+01 -2.025288227171425959e+01
-2.283451263530356456e+01 -1.688906465354173392e+01
-2.246312994858822876e+01 -1.683684993767983329e+01
-2.198871297035118388e+01 -1.658133211363880832e+01
-2.992316176524818871e+01 -2.043982739359076817e+01
-2.351877882155331179e+01 -1.778749448142762546e+01
-2.305107960653625199e+01 -1.746105461111405077e+01
-2.272684915908850201e+01 -1.726137416999247520e+01
-3.107335224486106995e+01 -2.107723707528258927e+01
-2.378612993083829608e+01 -1.810724286734861721e+01
-2.350674114896141731e+01 -1.793430700249794896e+01
-2.321655913952192662e+01 -1.772887237158841245e+01
-3.142407396556017218e+01 -2.159497827509316537e+01
-3.155752644429745146e+01 -2.148906371684146777e+01
-2.372905239907703390e+01 -1.817149502500484104e+01
-2.350502310014774920e+01 -1.802973965523669619e+01
-3.170167075554546088e+01 -2.193522240220880448e+01
-4.109492506796010503e+01 -3.571580252327949978e+01
-4.149277085527177888e+01 -3.671995934757073599e+01
-4.165411852055184738e+01 -3.719626772847128393e+01
-4.174591844514581140e+01 -3.763911481629340017e+01
-4.200622237452454755e+01 -3.929155582373368105e+01
-4.208220260920093381e+01 -3.995403953206858461e+01
-4.087504540694949640e+01 -3.529384682852480637e+01
-4.088114456053668277e+01 -3.565344198259282393e+01
-4.104705175662044780e+01 -3.618014955711051783e+01
-4.152471851604205000e+01 -3.720509887673936333e+01
-4.171445926569707296e+01 -3.884983732498690756e+01
-4.192688583451672457e+01 -3.965467689059676815e+01
-4.200784565031671036e+01 -4.023989903881547292e+01
-4.205102403758278484e+01 -4.057499806355489369e+01
-4.063722017915324614e+01 -3.552089881854647757e+01
-4.066720229336059589e+01 -3.600158073758267818e+01
-4.081554172403981084e+01 -3.655076991795097285e+01
-4.122669108404430460e+01 -3.863262829742111393e+01
-4.144175208246909392e+01 -3.924193350832426574e+01
-4.174917199954487046e+01 -4.012103572160058462e+01
-4.193360089544210467e+01 -4.076965886533688632e+01
-4.199307801165125653e+01 -4.114040398141851540e+01
-4.036084503832811521e+01 -3.592000809468913758e+01
-4.048318652829973985e+01 -3.630656045745587335e+01
-4.091752463419263819e+01 -3.844825706659980824e+01
-4.114039916937580443e+01 -3.894885021086220434e+01
-4.133055699597993282e+01 -3.971429509137493596e+01
-4.172253487651691728e+01 -4.075335334607106574e+01
-4.191617294117990156e+01 -4.123146000369280273e+01
-4.194498004960657056e+01 -4.143422498972829260e+01
-3.340060166285561394e+01 -5.100803257362601784e+01
-3.508312635877452124e+01 -5.131652507668714236e+01
-3.534274435587059315e+01 -5.107325347873513977e+01
-3.574550929549116773e+01 -5.105614829798310694e+01
-3.793773667223383228e+01 -4.945234593193917760e+01
-3.816395972288509597e+01 -4.886596325077825043e+01
-3.825841943093355013e+01 -4.835527794493305720e+01
-3.828584158497039880e+01 -4.818329525554240433e+01
-3.318136692976140978e+01 -5.065877963180059140e+01
-3.361661788020622765e+01 -5.062370093142020977e+01
-3.451208896742996046e+01 -5.043409491250619681e+01
-3.513792262157735280e+01 -5.014315751842588753e+01
-3.593489115065093387e+01 -4.948985653457376088e+01
-3.679269098793533033e+01 -4.885807733120500984e+01
-3.719021381770645007e+01 -4.854456343409157881e+01
-3.736358801378963790e+01 -4.839039776952768079e+01
-3.300723971018182823e+01 -5.058593430989630235e+01
-3.334585037275354580e+01 -5.056137632184805852e+01
-3.392315662613957983e+01 -5.044195020419169850e+01
-3.471824029125063760e+01 -5.015586442593146188e+01
-3.551741886462154696e+01 -4.966096298318794311e+01
-3.623507375661480978e+01 -4.914589305769990091e+01
-3.690734826758315279e+01 -4.865489523580762921e+01
-3.112147959700733768e+00 8.263382006029772242e+00
-2.946398796114409802e+00 8.110263694305203330e+00
-1.621626884348974285e+00 5.820248284972456831e-01
-1.378653872400452451e+00 1.848206050039782888e-01
-3.325375549473851944e+00 8.469713276785379108e+00
-3.316355848994316791e+00 8.406636172068632007e+00
-1.710539048281898289e+01 1.690650129254450817e+01
-1.706535027879271382e+01 1.683731820700817394e+01
-3.290958167632906051e+00 1.166658359159433012e+01
-1.759078508781969674e+01 1.774804704970979330e+01
-1.746647665109236058e+01 1.729727911606214619e+01
-1.726425903868113210e+01 1.704318881173445277e+01
-1.820040990346200971e+01 1.886215393481669267e+01
-1.825078641936372392e+01 1.838446601443929040e+01
-1.794247295399442521e+01 1.778865635718764437e+01
-1.766786979841835148e+01 1.742685906256940243e+01
-2.290275453021962093e+01 2.406400583766902557e+01
-1.868120078763267600e+01 1.871151156866462628e+01
-1.856520051424305606e+01 1.835870246584256904e+01
-1.822890915108506604e+01 1.792282418670122013e+01
-2.312168928396497236e+01 2.452555659358758788e+01
-1.968912037638638068e+01 1.927835826033085098e+01
-1.927987452772365273e+01 1.884748405466748977e+01
-1.903338602013212011e+01 1.855207602574442660e+01
-2.379316108204181646e+01 2.566622652008021177e+01
-2.004104088811470419e+01 1.949706867994049020e+01
-1.982298558475011419e+01 1.923159823834151894e+01
-1.956572001997545485e+01 1.898065104567459116e+01
-2.425281253306195595e+01 2.593612228899946359e+01
-2.415809935782856854e+01 2.609717697365096001e+01
-2.007819664523684366e+01 1.943014944067076755e+01
-1.989942951730518672e+01 1.922625366344286491e+01
-2.438734222016222830e+01 2.622668470904433136e+01
-3.830218225863012549e+01 3.795588529719709214e+01
-3.897742432600141882e+01 3.877260524640276174e+01
-3.929915032692152010e+01 3.920351695393284785e+01
-3.954234607393551926e+01 3.973828901379393130e+01
-4.000740355199949505e+01 4.076454968829131076e+01
-4.029827134426496826e+01 4.149303786698568786e+01
-3.797971980105673140e+01 3.763919536971367563e+01
-3.807524444965290655e+01 3.796947572560017647e+01
-3.837465816454635359e+01 3.840629810327505567e+01
-3.914980973670547115e+01 3.929740672789724698e+01
-3.963294373713191021e+01 4.046591979748393442e+01
-4.005056719419764022e+01 4.123669193867399230e+01
-4.029986359195358148e+01 4.179230770126545735e+01
-4.044355202351609080e+01 4.210621476894139903e+01
-3.780069722784029551e+01 3.792781407524682891e+01
-3.793842273368034768e+01 3.837454938839238849e+01
-3.823670720360325959e+01 3.890345615361889031e+01
-3.903080654042885556e+01 4.045352002664891700e+01
-3.944677418265702329e+01 4.103086174340486281e+01
-4.000328398530232477e+01 4.177692844070911349e+01
-4.037592074288303223e+01 4.232143949106397685e+01
-4.052245466014885267e+01 4.266965921982104959e+01
-3.762261333033471544e+01 3.838142132850700250e+01
-3.784633521745039531e+01 3.876195550690884062e+01
-3.859900097605039804e+01 4.035901075832936158e+01
-3.902337002394251186e+01 4.084205346764056799e+01
-3.946515812682213920e+01 4.154593994166629045e+01
-4.013576323083770347e+01 4.238236411923521985e+01
-4.047275905855187261e+01 4.277907875103004187e+01
-4.057018531387733873e+01 4.296898266389391097e+01
-3.419679006035544688e+01 5.287516904385930161e+01
-3.483105001679947321e+01 5.115600500155684927e+01
-3.513940836058525718e+01 5.108217129820691582e+01
-3.531853078846002347e+01 5.076579242222736355e+01
-3.770562613601087776e+01 5.002833702502878310e+01
-3.831843421308536790e+01 5.006437961020900218e+01
-3.883360884771481381e+01 5.017514380875412883e+01
-3.899743402636573109e+01 5.021150222939323982e+01
-3.450369866880256353e+01 5.349511954174798944e+01
-3.480536553871392158e+01 5.320632051136843188e+01
-3.543984083611928071e+01 5.275353229548301925e+01
-3.607571947227050657e+01 5.242692568457356828e+01
-3.696514111955115567e+01 5.208648111578104078e+01
-3.782743215352028443e+01 5.164388278453304792e+01
-3.824216853615913436e+01 5.139154879806130083e+01
-3.841576578092963956e+01 5.129039554658468347e+01
-3.448010630826452427e+01 5.367588733299376003e+01
-3.469252553716428622e+01 5.344864235979514433e+01
-3.513995388756949723e+01 5.311294060690143937e+01
-3.579574570637110043e+01 5.271617864340052506e+01
-3.657129725797356201e+01 5.236517399485372692e+01
-3.739181279055067364e+01 5.198837650789869258e+01
-3.805842854623307403e+01 5.160717862539917888e+01
5.004394015834302678e+01 3.926915362377575036e+01
4.997601315181591985e+01 3.896507699795466806e+01
4.994774343819970142e+01 3.823245737939695488e+01
4.997798235698837743e+01 3.774959587327902710e+01
1.461103071874790338e+01 6.199994869670422304e+01
1.438196427809528188e+01 6.207837480148013753e+01
1.393422845943297261e+01 6.210826703631988721e+01
1.183299026946721000e+01 6.230923142532529369e+01
1.118424268313368941e+01 6.227630402271228860e+01
1.036739692844094129e+01 6.233933200013392195e+01
9.489975398674936002e+00 6.239455445333771877e+01
5.120185603626222814e+01 3.562317754148495652e+01
1.450047376142892297e+01 6.211644230525543264e+01
5.002936506559780838e+01 3.928334441453564807e+01
4.996554726747344688e+01 3.899363346645193218e+01
4.993569925198129056e+01 3.851575373397992053e+01
5.083690392997650065e+01 3.495424851587045367e+01
5.091385659821859377e+01 3.454341010427187086e+01
5.091942502195839637e+01 3.430281989575103552e+01
5.846130091243615112e+01 9.923613848105082624e+00
5.861979407756714266e+01 9.575099196515775901e+00
5.882650581722463556e+01 9.094047139594172435e+00
5.890919897611558298e+01 8.837054976674631135e+00
6.259387479187537906e+01 -9.657727675545203283e+00
5.101670411615393874e+01 3.488084739908232024e+01
5.102989115720616553e+01 3.446828014272404772e+01
3.845214160079670052e+01 -5.035049221011783516e+01
3.814108164288911951e+01 -5.029564141134098776e+01
3.740148786253813284e+01 -5.026499567781446842e+01
3.692885255366140740e+01 -5.032128078220907241e+01
6.224533978268214440e+01 -1.488830161255778961e+01
6.230541501332338328e+01 -1.466290319495022842e+01
6.233665762320635650e+01 -1.423653085552723851e+01
6.248356831795603483e+01 -1.198563225031534785e+01
6.249480436538264172e+01 -1.135467207034219328e+01
6.251495818596182374e+01 -1.054136002521785898e+01
3.490508675262245220e+01 -5.161803088031612674e+01
6.235530644061081063e+01 -1.477144016475862820e+01
3.845859820317431144e+01 -5.033696611801482135e+01
3.817523422078230766e+01 -5.028323929829633698e+01
3.768952772301143028e+01 -5.025313320685727803e+01
3.425649622749387646e+01 -5.122981752363088503e+01
3.384052789765884484e+01 -5.131757551465858569e+01
3.360445351847367590e+01 -5.131888069838210953e+01
7.503646369991238352e+00 -6.080606297862382092e+01
7.090910819604385296e+00 -6.087539161359063655e+01
6.341306156338661459e+00 -6.101233951507886388e+01
5.553220697551325635e+00 -6.114533211058792261e+01
4.686190819617979564e+00 -6.131929719160174130e+01
3.417420498453392241e+01 -5.142517220346120155e+01
3.377116285294169273e+01 -5.142442158823727283e+01
-3.837358441716508395e+01 -4.828650203403309149e+01
-3.836240068357505351e+01 -4.858904751290588564e+01
-3.823921907980764701e+01 -4.905264788177895241e+01
-3.573633227688388558e+01 -5.205469778708020101e+01
-3.552430379191316234e+01 -5.235959336664046049e+01
-3.542347896639161320e+01 -5.256898256807846082e+01
-1.358823230192833265e+01 -5.691479611319128651e+01
-1.325539074110547055e+01 -5.709142083548746172e+01
-1.280567971945267303e+01 -5.737401337263781187e+01
-1.256400617754370330e+01 -5.748740049250572781e+01
-3.553399104647088791e+01 -5.203078714557636175e+01
-3.539410688429323670e+01 -5.238914857493843158e+01
-3.836204198995614689e+01 -4.828884838809838698e+01
-3.833358875981023317e+01 -4.861101805586095281e+01
-3.813045454806851353e+01 -4.933469037601930296e+01
-3.794012565092234723e+01 -4.974068623955616175e+01
-6.397147893430386745e+01 -7.618576382188685159e+00
-6.400113861346430610e+01 -7.369903338794510539e+00
-6.396989145866406545e+01 -6.713930484283006095e+00
-6.384485714407092161e+01 -5.520032704202465723e+00
-6.377668339546307408e+01 -4.608766400724167767e+00
-6.376411954569011442e+01 -3.743339136827599667e+00
-6.383451812588457130e+01 -2.948415617837476077e+00
-3.557667929667960038e+01 -5.110004751545051960e+01
-6.408611259809973149e+01 -7.512716972074948707e+00
-3.892702745376207929e+01 5.012312721955309769e+01
-3.862909830779894094e+01 5.004107873749273949e+01
-3.790463768560494628e+01 4.994744060815767028e+01
-3.741057145277597584e+01 4.994694584380142999e+01
-6.030480220524701451e+01 1.667204343726986338e+01
-6.040718513672021572e+01 1.644149188674981588e+01
-6.056693572824381988e+01 1.575082494013689427e+01
-6.071973411131885001e+01 1.479467476868412312e+01
-6.077091964446528038e+01 1.419578228625947425e+01
-6.077007265369877587e+01 1.392135454856046017e+01
-3.529289356056240479e+01 5.090532580763448323e+01
-6.044755827005324278e+01 1.661760130561411941e+01
-3.894165673303103858e+01 5.011708950550968211e+01
-3.865895374694023445e+01 5.002876177209657982e+01
-3.818488820047522125e+01 4.995517317548189595e+01
-3.470596424080783038e+01 5.044858486244437756e+01
-3.428035982155464012e+01 5.049197772404416895e+01
-3.403704578911155920e+01 5.046214452900066050e+01
-9.862350133599179003e+00 5.787741203194017459e+01
-9.515829378437169694e+00 5.802488745944499726e+01
-9.040390377486092532e+00 5.824659071105723740e+01
-8.786760514320473447e+00 5.834459605211062438e+01
-3.459589692273289074e+01 5.063950100946226485e+01
-3.418982256118228946e+01 5.058591187146976154e+01
-2.280874574725288539e+00 8.639481889569644579e+00
-1.970334207310418195e+00 1.099514032081663473e+01
-1.460626010953718357e+00 9.183577685660649692e+00
-1.907099604054090403e+00 9.393743464721302061e+00
-1.799385902066301890e+00 1.104081746428161459e+01
-2.093956744069160880e+00 1.113544347101553811e+01
1.104346993277272837e+01 8.249423635982401359e-01
-2.016507233059491533e+00 1.155094445941296399e+01
-2.306164754359265601e+00 1.153364582032332386e+01
2.464388703133563041e+01 2.216834683282739604e+01
2.461587467939537532e+01 2.226682677782385156e+01
-1.770667946291921480e+00 1.092303817798725163e+01
2.491010510214233875e+01 2.230908122055255660e+01
2.484272125974272782e+01 2.240077774176659631e+01
2.530053404101840542e+01 2.256483596184954266e+01
2.523100882524571631e+01 2.272277780203341280e+01
2.600194410371414477e+01 2.315743942122773547e+01
2.572007533675910551e+01 2.331661886521428073e+01
2.646916938170955191e+01 2.349049650573265069e+01
2.608021106684447332e+01 2.353788559320229723e+01
2.579992129387702704e+01 2.363763261616969302e+01
7.065563909200288428e+00 4.434701290886334801e-01
1.025444702130952379e+01 -2.006445980950322672e-01
7.408541050087363189e+00 1.135944998382348192e+00
8.369858134661452453e+00 1.198821709995148265e-03
1.055417750122907172e+01 3.420272770940845919e-01
1.038621634619451761e+01 -2.041920452191805235e-01
1.097872992993913854e+01 5.533379701153415819e-01
1.087020653268641546e+01 -2.258155168250437217e-01
2.825773051466504882e+01 1.940722899174907567e+01
2.832694277398611149e+01 1.941061887913853212e+01
1.019289963466970406e+01 3.458518905374255437e-03
2.842895997969411326e+01 1.961937509427732351e+01
2.848601070323308093e+01 1.960617588895851782e+01
2.876483051589079665e+01 1.997394980726521041e+01
2.883893825560826585e+01 1.992331237207583428e+01
2.929496315921727856e+01 2.044348547215020062e+01
2.940942786751427818e+01 2.031669996618277452e+01
2.971691244622296324e+01 2.076623409839290701e+01
2.978586769349684715e+01 2.061073477246356589e+01
2.988404386477140307e+01 2.050965835927453185e+01
7.371001099533642353e+00 -1.360091429112857631e+00
1.049816670592900714e+01 -7.697191191833969715e-01
1.093242381837450417e+01 -1.306854855698116991e+00
1.089786644515932146e+01 -1.026729913832004071e+00
2.341469825881343425e+01 -2.291448639619714456e+01
2.350895566818990901e+01 -2.289093429901426902e+01
1.017512138004537725e+01 -3.991257875495685115e-01
2.353814308523392640e+01 -2.319653981543551780e+01
2.363685100069844935e+01 -2.313137737785905657e+01
2.378047155247787359e+01 -2.359907911693966298e+01
2.394201319653203797e+01 -2.353132203227757202e+01
2.432975473522267507e+01 -2.432335074732859681e+01
2.451102305918556823e+01 -2.404101200966252350e+01
2.463934799774013484e+01 -2.479947520672782346e+01
2.471212782162245247e+01 -2.441431331234334223e+01
2.482759010262572374e+01 -2.414501558113838442e+01
-1.050366776869186003e+00 -7.588519793551065540e+00
-1.201087649902604637e+00 -9.480443151047913020e+00
-6.632519100465367190e-01 -7.793400787322131151e+00
-1.103619275145737655e+00 -8.048755105220603667e+00
-9.709845295681469590e-01 -9.572661934780859028e+00
-1.216712345250324123e+00 -9.644605267948492155e+00
-1.073463965318117719e+00 -1.006787590322563553e+01
-1.247054497121431460e+00 -1.001091204521657474e+01
2.044783111858592406e+01 -2.624698202530449720e+01
2.044401285215618458e+01 -2.631332329640694212e+01
-1.005262607201232061e+00 -9.425722377845934474e+00
2.065000689772764986e+01 -2.642980377353094923e+01
2.063369196473412615e+01 -2.648638520038780442e+01
2.100910460567006055e+01 -2.676831460974575805e+01
2.094595579536855823e+01 -2.684711778942851979e+01
2.145646227913321624e+01 -2.732327504902329451e+01
2.132171031847175868e+01 -2.743656605517664104e+01
2.176800191316162980e+01 -2.775217494252910200e+01
2.160865355473411498e+01 -2.781786424585631323e+01
2.150157207969818529e+01 -2.790559518498251990e+01
-1.520003434765315076e+00 -7.769472676011471179e+00
-1.455564396881386280e+00 -9.542892276030434218e+00
-1.263488453174019099e+01 -2.438271172786946828e+00
-1.431647356499695878e+00 -1.004785858219803174e+01
-2.901930958775365355e+01 -2.056155870896667182e+01
-2.899466010792362169e+01 -2.065479654163136303e+01
-1.387507767114958046e+00 -9.398805724432083508e+00
-2.928881547624805748e+01 -2.068584041986437683e+01
-2.922289126433074458e+01 -2.078371129308759535e+01
-2.967065549353511145e+01 -2.092846416242997165e+01
-2.958777368157373999e+01 -2.109096312181858224e+01
-3.047698146511964978e+01 -2.165388103228620054e+01
-3.025623382921700255e+01 -2.191407944903133043e+01
-3.092203376862843811e+01 -2.207100098936913923e+01
-3.067337095997914531e+01 -2.224817030292926745e+01
-3.052256870947907075e+01 -2.239606685888298188e+01
-9.488738679701716805e+00 -1.763084868096366220e+00
-1.190219432153753409e+01 -1.271834688339628539e+00
-9.412581136165664830e+00 -2.248826478566589682e+00
-1.036277964232673376e+01 -1.268837620103895780e+00
-1.217489400374752684e+01 -1.901775951760173555e+00
-1.204280002668703986e+01 -1.391596065292268314e+00
-1.257228045340703559e+01 -2.164825416220290233e+00
-1.245764280172360650e+01 -1.593141263855046397e+00
-3.203103264996158117e+01 -1.755138376632613273e+01
-3.209668812275877769e+01 -1.754950741681610893e+01
-1.184505928736446556e+01 -1.464344767051760421e+00
-3.220298062595563948e+01 -1.777329736117938097e+01
-3.225486870161892483e+01 -1.775061206018079574e+01
-3.251402928829403294e+01 -1.816495031997044762e+01
-3.258362904407414362e+01 -1.809350972146784287e+01
-3.298366343729932026e+01 -1.867936454303406180e+01
-3.306727241141192053e+01 -1.848344460181657922e+01
-3.330569083929307794e+01 -1.904241881094998945e+01
-3.332799947675363939e+01 -1.879770746436692974e+01
-3.337229420737720176e+01 -1.857787915722424188e+01
-1.015243931356743978e+01 -8.327229699744546076e-01
-1.194122951525881149e+01 -1.095111850907509954e+00
-3.153049857234348163e+00 1.170737125421913483e+01
-1.247259113109945616e+01 -1.295845136492121075e+00
-2.320061420111358075e+01 2.360395792928918013e+01
-2.329919608194173719e+01 2.356843496928571469e+01
-1.182198900326710245e+01 -1.072727507672220248e+00
-2.334269601266509753e+01 2.387272423472753502e+01
-2.343249597498146386e+01 2.379700547767362195e+01
-2.361022390758366640e+01 2.425079734648084440e+01
-2.376804769074682966e+01 2.416990590629027125e+01
-2.422890507970439700e+01 2.495087951997883380e+01
-2.439336285083471978e+01 2.465296076791722868e+01
-2.456999565709679700e+01 2.540402019441529902e+01
-2.461817252814912749e+01 2.501210614311584379e+01
-2.471855057241664255e+01 2.473452039280204673e+01
-2.844264931892224180e+00 8.590466913583114206e+00
-2.605529417960207983e+00 1.124580857673864465e+01
-2.877829907393873121e+00 1.164314731975788142e+01
-2.051464593716590201e+01 2.706628174930883901e+01
-2.051816307486340918e+01 2.713102341279272522e+01
-2.162378812782050463e+00 1.093296256112146558e+01
-2.073742784393307304e+01 2.723352044536869698e+01
-2.071680814860407338e+01 2.729536582961483759e+01
-2.111467818954188758e+01 2.754913215573703766e+01
-2.105765559835803202e+01 2.763018381193021966e+01
-2.161532624478974185e+01 2.807649454629684271e+01
-2.148116804328555318e+01 2.820398232829384355e+01
-2.195383510048926823e+01 2.849078496804240501e+01
-2.179193496886259851e+01 2.856691296774152278e+01
-2.169025965889596108e+01 2.865889429782568598e+01
-9.584207813072885829e-01 -3.034831359685511987e-01
-1.877033701883064509e+00 8.418858716226132799e+00
-1.555295989536216172e+00 7.973358499469889615e+00
-9.464546258484795027e-01 3.210759352859994809e-01
-1.375222796544648851e+00 8.869134069074068094e+00
-1.153119604454255320e+00 8.412310867210091914e+00
-1.779337759881628678e+00 8.957895224716297733e+00
-1.563002465721610390e+00 8.528550396162801306e+00
-1.316222406727400429e+00 9.660412519110620266e+00
-1.910006325956398854e+00 1.056363392190317008e+01
7.227369148393661291e+00 1.848507646617317951e-02
7.073518648510839668e+00 -2.070817862993521996e-01
-2.686816946181401211e-01 -2.967578719758641737e-01
7.503808328833213359e+00 7.937683843798467587e-01
7.561172954126481827e+00 4.245406699631655290e-01
7.834611804078376984e+00 -6.349949120769399213e-02
7.639694129652651711e+00 -1.597868751337492010e-01
8.627424010543883526e+00 6.373412405153242588e-01
9.828071947607016412e+00 -1.800218615770904917e-01
7.467836733870656829e+00 -9.721811992236882860e-01
7.435590625715925661e+00 -6.945257677782270544e-01
8.520538966326885344e+00 -9.369861075700868236e-01
-1.050996630341531457e+00 -7.138804304129335421e+00
-1.037591682979002394e+00 -6.496225573603071624e+00
-9.438418832252600810e-01 -9.479661436154539489e-01
-7.005099448183990107e-01 -7.466842829567243101e+00
-6.780530777149844646e-01 -6.826421715009523439e+00
-1.088896454703574657e+00 -7.672702569765397662e+00
-1.070676496724578985e+00 -7.089448616081200250e+00
-6.317720552607387630e-01 -8.382113639338371058e+00
-1.173828757759894925e+00 -9.041005984387094685e+00
-1.461779156628490783e+00 -7.453177561468722345e+00
-1.448901865176275505e+00 -6.815492857405963001e+00
-1.633494670993998810e+00 -8.324309007545991790e+00
-9.364277287724418031e+00 -1.260645184203442293e+00
-8.953343249519495117e+00 -9.059804489623449753e-01
-1.527814733382894641e+00 -3.005503382673487267e-01
-9.427765361267425703e+00 -1.930025431739674113e+00
-9.142415372309987021e+00 -1.387221505071189576e+00
-9.921677816985278398e+00 -1.143106895507628673e+00
-9.526125996458393530e+00 -9.274768959796063639e-01
-1.067347478617324796e+01 -1.863991044106672712e+00
-1.145354227014766479e+01 -1.219351225125501648e+00
-9.853842515163846016e+00 -7.416250319505250932e-01
-9.432044252351019509e+00 -5.146075481356758852e-01
-1.061949986574173899e+01 -6.814745064817925302e-01
-2.550626532283713832e+00 8.556161359213895423e+00
-2.067143842781968832e+00 8.164170316942573891e+00
-2.568723789317730155e+00 9.714770686687733914e+00
