1.101324260055080551e+01 5.370820045308965618e+00
9.549223376722222767e+00 9.775279543268909910e-01
7.283144965691557005e+00 -2.857863475968359435e+00
4.314792362070315690e+00 -5.913705903955023935e+00
6.934372899083101061e-01 -7.507017294021678389e+00
-3.030763285437200860e+00 -6.909213718673287374e+00
-5.972725871579471324e+00 -4.259742332533206444e+00
-7.823176167037614093e+00 -4.897850090240988274e-01
-8.780734765662559838e+00 3.775141535650227365e+00
-8.842299441538420623e+00 8.387378516856804467e+00
-7.627914183311315099e+00 1.300421232721001097e+01
-4.224865242951002742e+00 1.972830189059248340e+01
1.441804359396131607e+00 2.224286460330247905e+01
5.454859004130327982e+00 2.162166280906397375e+01
1.001074865166219041e+01 1.750446189302930833e+01
1.127624073657730008e+01 1.016375576677476111e+01
1.391254883445138724e+01 3.613706159153144526e+00
1.209075882393108436e+01 -1.272307157255885057e+00
9.304406125893281754e+00 -5.578618696847446934e+00
5.489401023069340191e+00 -9.085891087359884821e+00
7.838686771510692264e-01 -1.078371660275952237e+01
-4.095716070034279177e+00 -1.000484720497593649e+01
-8.080784883725081968e+00 -6.908806985779068377e+00
-1.059630398718481814e+01 -2.427970377029927018e+00
-1.190416910986513521e+01 2.478583640393637655e+00
-1.215192377160852821e+01 7.652091882109021803e+00
-1.099408751652763705e+01 1.268800046216933985e+01
-6.626585317755015581e+00 1.711995861644227546e+01
-8.874833810800170086e-02 1.940968932456557283e+01
5.945975941983451918e+00 1.844899584962211847e+01
1.157108274381832658e+01 1.432664152848241734e+01
1.436357522427247702e+01 8.768654773250913692e+00
1.801263647382787525e+01 6.970688212408360229e-01
1.585577743616097202e+01 -4.497771506123838137e+00
1.260170399563174293e+01 -9.111744883975884335e+00
8.284330671578802097e+00 -1.301281118372345347e+01
3.108230269881606667e+00 -1.480605261436040010e+01
-7.553904593094614484e+00 -1.313902241843387841e+01
-1.195354791025042829e+01 -9.745362650333305510e+00
-1.481177719858725084e+01 -4.727626899865643217e+00
-1.649016388026289803e+01 6.531237345476552658e-01
-1.700654215882908460e+01 6.186404152121137479e+00
-1.615898448630617779e+01 1.183538378498010957e+01
-1.252615978899512506e+01 1.657955013975841041e+01
1.180865372869958907e-01 1.532043820878124052e+01
4.470786476828964240e+00 1.463160768733273542e+01
1.714489352679975553e+01 1.187702905419073041e+01
1.905250473897405428e+01 6.340369342382078166e+00
2.194775793847027501e+01 -2.713033736578366106e+00
1.968217609307811600e+01 -7.615909030329266471e+00
1.643172325691990210e+01 -1.200680151132480233e+01
1.231186918049696288e+01 -1.586687778557233131e+01
7.964643199936376483e+00 -1.824631224797699858e+01
-1.300362594767049629e+01 -1.483253179259466670e+01
-1.663952315593819264e+01 -1.126277362472220922e+01
-1.936515406372119230e+01 -6.286833105761342466e+00
-2.105191192318902793e+01 -1.036882448929458578e+00
-2.181890193334331940e+01 4.339942240154075925e+00
-2.147558053251690069e+01 9.512924454865544277e+00
-2.072321344130954301e+01 1.413167557669745555e+01
-4.315471455422196789e-01 1.154457305599034811e+01
3.848178532224684201e+00 1.085978602882071442e+01
2.421709165547789055e+01 7.000162541750051481e+00
2.334620991533513745e+01 2.417661414149010479e+00
2.610670372200604561e+01 -5.736500125935870109e+00
2.372669628827951271e+01 -1.038647290145510560e+01
2.059949315355057564e+01 -1.464852933063795959e+01
1.690995022042025653e+01 -1.820197954184456535e+01
1.332494459347008053e+01 -2.085444631413901462e+01
-1.915696180794017067e+01 -1.567147891949282013e+01
-2.173438476351854121e+01 -1.202954605714260339e+01
-2.410612295559955953e+01 -7.511871770733308473e+00
-2.572519040355161124e+01 -2.430229834134641553e+00
-2.652411399537236392e+01 2.807779422592136420e+00
-2.660923441284174018e+01 7.779590626481232007e+00
-2.631275623332438940e+01 1.221254711504173507e+01
-2.563853630788401716e+01 1.615813673470978529e+01
2.958036932626228577e+01 7.219022745045097444e+00
2.887434462733719798e+01 3.277053912367652977e+00
2.772571960933005641e+01 -1.034456871594655825e+00
2.891535731207709503e+01 -7.641636678676070105e+00
2.652532225515830078e+01 -1.225321912056329765e+01
2.344677429332338647e+01 -1.644514048167061659e+01
1.991065797679400617e+01 -1.986500895495623098e+01
1.690017651997395731e+01 -2.228680518056230753e+01
-2.299612844679124635e+01 -1.593100393891577760e+01
-2.509451329771529871e+01 -1.269879655834280641e+01
-2.735396511378232987e+01 -8.392410485043132695e+00
-2.893587362143952291e+01 -3.434940589839685199e+00
-2.974909138841255185e+01 1.787012345992464724e+00
-2.993976738344292343e+01 7.001470669338296204e+00
-2.965033656094491477e+01 1.166434397910742327e+01
-2.919229246197343741e+01 1.522581227075544241e+01
3.259680518282662831e+01 5.144731968047335791e+00
3.185309000291638171e+01 1.661357141746646837e+00
3.067648954250164905e+01 -2.786701804822076856e+00
