2.597475679954303018e+01 -1.319671396390532969e+01
2.288864959493414730e+01 -1.805142520130671713e+01
1.912189363126275410e+01 -2.219031861913193993e+01
1.465783891100837266e+01 -2.558562540427185894e+01
9.567594355378716386e+00 -2.829196660889357062e+01
4.683903080828315524e+00 -3.016730610951670855e+01
1.053665700398669802e+00 -3.138056252402603974e+01
-2.855757536844943800e+01 1.619269469182352950e+01
-2.608901547975946755e+01 1.910255148576168693e+01
-2.271474647597094787e+01 2.268549869587478085e+01
-1.870406681979117991e+01 2.592479966489829479e+01
-1.430229083861927641e+01 2.846367160788675577e+01
-9.779845685278237610e+00 3.024466673130256922e+01
-6.135334593318101604e+00 3.140651778214985157e+01
2.951887240846865268e+01 -4.829642879844944225e+00
2.811541204959587859e+01 -8.438364001510535672e+00
2.352083091807418569e+01 -1.071632900226094165e+01
2.057922078460445192e+01 -1.545967545759343409e+01
1.665060481335302001e+01 -1.976617415382573739e+01
1.202401392273380409e+01 -2.329196490359372973e+01
7.110681500738525784e+00 -2.578038006187889053e+01
2.290626626429953294e+00 -2.749217504504115794e+01
-1.856592831075372763e+00 -2.865453549130942079e+01
-2.700350946476398306e+01 1.258039749946564356e+01
-2.438750097406864015e+01 1.598954838095309761e+01
-2.096737210736369050e+01 1.966837954453468029e+01
-1.686579319919351150e+01 2.299615773093307780e+01
-1.229840135428887216e+01 2.563537823261897231e+01
-7.578623390764164469e+00 2.747682359482945813e+01
-3.363198836830961103e+00 2.861779744078078735e+01
2.699667275298988400e+01 -1.762658484042676665e+00
2.557856872914906177e+01 -5.938366944797874858e+00
1.980406511545916004e+01 -7.079206257665282109e+00
1.691569865764649805e+01 -1.205930529329065770e+01
1.317824008832967664e+01 -1.619406653439977006e+01
8.656828632853240890e+00 -1.949624806603624094e+01
3.492875602308035621e+00 -2.185761243107807772e+01
-1.989510897742360562e+00 -2.349997227215316187e+01
-6.796493029654270934e+00 -2.354571610149525185e+01
-2.424632126252529929e+01 6.757919669970359422e+00
-2.205798050268714405e+01 1.096163129833327687e+01
-1.839109427086690474e+01 1.515103111913836109e+01
-1.420615186171547961e+01 1.869548492719161459e+01
-9.243611954204984826e+00 2.153320664975635168e+01
-3.945743201942149891e+00 2.345284679106949000e+01
9.193813937286597904e-01 2.391326184670084132e+01
2.237345688029876456e+01 3.332271819752387731e+00
2.189032048153249121e+01 -1.607420765549515629e+00
1.612741543913453413e+01 -3.454435487903289914e+00
1.339099891349283666e+01 -8.463982496385980880e+00
9.696368515695121815e+00 -1.262410847280984605e+01
5.120739695851340478e+00 -1.579208620586183898e+01
-9.390008358602310035e-02 -1.792518095276902912e+01
-5.766137709629600927e+00 -1.875354572367611183e+01
-1.098300254502444595e+01 -1.722525099411497607e+01
-2.065249505731611634e+01 1.107248098355784860e+00
-1.926697862689459484e+01 6.128662079540621477e+00
-1.583612603959134901e+01 1.072314150745091332e+01
-1.146211681692892626e+01 1.449457856202053740e+01
-6.396063304256179194e+00 1.741265961261959916e+01
-8.748173222171038432e-01 1.917363767576350853e+01
4.393987417777529103e+00 1.874867088760717593e+01
1.681038474379566594e+01 7.602340341046589955e+00
1.762401384690721073e+01 2.184192920208369859e+00
1.196428800792480729e+01 -6.714358532569194571e-01
9.576867189731052221e+00 -5.186725444345923641e+00
6.185271581999931101e+00 -8.938019978913873231e+00
2.020820701491726545e+00 -1.175862672477417448e+01
-2.756737743506993521e+00 -1.346641025121959423e+01
-7.920396579376866697e+00 -1.351538135951464348e+01
-1.256375407861398408e+01 -1.114579875787862484e+01
-1.645131156558214158e+01 -3.070254191766585539e+00
-1.563928471496503469e+01 2.058853577381202893e+00
-1.275367045638235908e+01 6.637529243398600620e+00
-8.828349465968253540e+00 1.023893649670899997e+01
-4.211050163703228932e+00 1.295357081728973014e+01
9.357125441493441276e-01 1.448620438510466890e+01
6.283460512293632227e+00 1.380318060932090773e+01
1.152410737892836146e+01 9.405282864669736398e+00
1.290386973229140999e+01 4.475449503738858859e+00
8.793396711233000929e+00 6.469875469271828550e-01
6.747308043542653344e+00 -3.209342866422988383e+00
3.795176148894532808e+00 -6.422391472810610402e+00
1.353038820805623488e-01 -8.844866998758218912e+00
-4.025891247233352566e+00 -1.023878109684153870e+01
-8.386898089391431554e+00 -1.008397985839381050e+01
-1.211183907724514341e+01 -7.826038743213826976e+00
-1.341020376329726638e+01 -4.371317862659293674e+00
-1.288081800349006478e+01 3.834907916210696793e-02
-1.051700727503230226e+01 3.982047635802437036e+00
-7.139995196182892911e+00 7.220604117799060084e+00
-3.208704994472364902e+00 9.653346433334112575e+00
1.030616894416964024e+00 1.103666426619160568e+01
5.152854761580514698e+00 1.072724517716800285e+01
8.312417495880623619e+00 8.759691711805862369e+00
9.528270730021121793e+00 4.840082016569194678e+00
