5.570891170127061365e+00 1.797592348125604644e+01
4.246940395920902334e-01 1.693509639441115766e+01
-5.099735515795766894e+00 9.208826943002630827e+00
-7.678095655961645782e+00 5.234566893049546366e+00
-9.794823504542053527e+00 7.224352163789287129e-01
-1.116053018953026843e+01 -3.889778484266598113e+00
-1.317142501589041181e+01 -1.293005686529786935e+01
-1.001245328060066164e+01 -1.808996358622603751e+01
-5.783722627573680164e+00 -2.048131963794575583e+01
-7.967670405347927476e-01 -2.064930966793885503e+01
4.747994420335798438e+00 -1.816630331131586473e+01
8.460683657755463827e+00 -6.527640951148007353e+00
9.722342953657399534e+00 -2.177122030358847660e+00
1.074599752737264780e+01 2.390629576327285122e+00
1.253334554446521310e+01 1.174016205120173595e+01
9.717556309138242199e+00 1.619982839200298841e+01
4.061057430258394163e+00 1.498109227830108026e+01
-2.338529002890518793e+00 1.421505102917543795e+01
-7.515057808950346363e+00 1.189570854802990674e+01
-1.074270764127886402e+01 7.143147647503634623e+00
-1.315546323936021800e+01 2.050926809670179374e+00
-1.472468944211962594e+01 -3.411231203190241423e+00
-1.304289896807438609e+01 -9.040303380270941602e+00
-9.442542248975227537e+00 -1.467500096312066304e+01
-4.699558359049198941e+00 -1.723058318414869916e+01
7.845249400653014904e-01 -1.748151030835552078e+01
6.883806439028156809e+00 -1.426183798202879771e+01
1.114604716719293620e+01 -9.043384644709606235e+00
1.310975242016243847e+01 -3.318555034575125351e+00
1.435659763011544143e+01 2.439773900277822705e+00
1.249315687436696720e+01 7.852085904412519746e+00
8.624957421394096713e+00 1.302948424940941585e+01
2.245769457094789701e+00 1.144673469716738445e+01
-7.706359352737896629e+00 1.726829706654736896e+01
-1.205219382098346514e+01 1.404985699054740600e+01
-1.542690557936689544e+01 9.592895762795388137e+00
-1.790664018270278746e+01 4.369065766678141394e+00
-1.927359408880541025e+01 -1.079226415783910653e+00
-1.899620386951479389e+01 -6.544978795461164012e+00
-7.685531458506812186e+00 -1.076790283753880395e+01
-3.252331510178763097e+00 -1.336435347322799672e+01
2.315920751010231537e+00 -1.327899835909714277e+01
1.237887533420365038e+01 -1.449323765860978774e+01
1.594030580248188578e+01 -1.013643472758523956e+01
1.809448403877334854e+01 -4.785751205429487065e+00
1.905161937234085912e+01 8.067974207666556152e-01
1.842460668229850995e+01 6.125459675244757207e+00
7.369137624087031213e+00 9.269652598230285534e+00
-9.106924279714553094e+00 2.257159027711882970e+01
-1.316772050965495211e+01 2.002445679590413974e+01
-1.685832588628132811e+01 1.627240949624909661e+01
-2.013539030967555021e+01 1.187082943238822175e+01
-2.259619417422662835e+01 6.802891715700031483e+00
-2.416295183420221093e+01 1.399238709764690558e+00
-2.466429089938457864e+01 -3.782618897236267319e+00
-2.381761965835013584e+01 -8.449591894111250667e+00
-1.323954792097338906e+00 -9.769981407610817570e+00
1.521609952689563094e+01 -1.956120983786619760e+01
1.830108863976571953e+01 -1.567948472132246884e+01
2.106220899882215392e+01 -1.127232111826855565e+01
2.306403416059193034e+01 -6.277686327009681655e+00
2.400222870291857902e+01 -9.477507345782605341e-01
2.419500776226849581e+01 4.276962323258585386e+00
2.321473784437364429e+01 8.899162701507117745e+00
-1.465664005478185317e+01 2.535284148870453080e+01
-1.809360103721131807e+01 2.248824123158655297e+01
-2.169404063799930071e+01 1.871271542820663925e+01
-2.488969997982006177e+01 1.420841097281951448e+01
-2.736493365964537006e+01 9.138691641704497215e+00
-2.891596317883938383e+01 3.912304106657202407e+00
-2.962382474248080655e+01 -1.196757971622373518e+00
-2.966857087523381153e+01 -5.614043268748446280e+00
1.783455014076995582e+01 -2.459120528409127360e+01
2.075552841353076161e+01 -2.131738944283116410e+01
2.352753065061316917e+01 -1.744862086927857803e+01
2.615404987821045069e+01 -1.290300669530494559e+01
2.809521083740808578e+01 -7.889969993114750224e+00
2.915231772893010032e+01 -2.640779892396898365e+00
2.938801265074770797e+01 2.528970982164842951e+00
2.906445642533194729e+01 6.965985227923082057e+00
-1.847194007501244783e+01 2.687071699054512663e+01
-2.140134379464569747e+01 2.413757153409364165e+01
-2.495259820438640830e+01 2.033677589910312733e+01
-2.815138290781474240e+01 1.578042498880003386e+01
-3.060837297669183243e+01 1.073472116686414601e+01
-3.218038534879011792e+01 5.525663743756166646e+00
-3.295478113715275725e+01 4.244056458751303551e-01
-3.328023981185493341e+01 -3.545119080432265424e+00
2.153522844971913841e+01 -2.577683020673578795e+01
2.403646196712268335e+01 -2.283008720832344807e+01
2.692558402692575470e+01 -1.879715331028333836e+01
2.959745643489053180e+01 -1.405340451423334081e+01
3.154716872449819220e+01 -8.967928083060463962e+00
3.263333065521072740e+01 -3.692250502309614824e+00
3.288374282858081443e+01 1.343877508120329578e+00
3.281028971442854214e+01 5.306616667198142068e+00
