4.967141530112327005e-05 -1.382643011711846705e-05
6.476885381006925000e-05 1.523029856408025296e-04
-2.341533747233359849e-05 -2.341369569491805647e-05
1.579212815507391519e-04 7.674347291529087854e-05
-4.694743859349521123e-05 5.425600435859646809e-05
-4.634176928124623051e-05 -4.657297535702568941e-05
2.419622715660341307e-05 -1.913280244657797932e-04
-1.724917832513032923e-04 -5.622875292409727343e-05
-1.012831120334423910e-04 3.142473325952738607e-05
-9.080240755212109539e-05 -1.412303701335291606e-04
1.465648768921554200e-04 -2.257763004865356659e-05
6.752820468792384166e-06 -1.424748186213456967e-04
-5.443827245251826538e-05 1.109225897098660927e-05
-1.150993577422302792e-04 3.756980183456720072e-05
-6.006386899188049925e-05 -2.916937497932768037e-05
-6.017066122293969824e-05 1.852278184508937759e-04
-1.349722473793392114e-06 -1.057710928955900385e-04
8.225449121031890964e-05 -1.220843649971022364e-04
2.088635950047554090e-05 -1.959670123879775686e-04
-1.328186048898430632e-04 1.968612358691235198e-05
7.384665799954104098e-05 1.713682811899705150e-05
-1.156482823882405289e-05 -3.011036955892888053e-05
-1.478521990367427554e-04 -7.198442083947086362e-05
-4.606387709597875503e-05 1.057122226218915772e-04
3.436182895684614422e-05 -1.763040155362733969e-04
3.240839693947950072e-05 -3.850822804163165746e-05
-6.769220003059587577e-05 6.116762888408679340e-05
1.030999522495951046e-04 9.312801191161986360e-05
-8.392175232226385131e-05 -3.092123758512146193e-05
3.312634314035639436e-05 9.755451271223592954e-05
-4.791742378452899619e-05 -1.856589766638171390e-05
-1.106334974006028252e-04 -1.196206624080670881e-04
8.125258223941980468e-05 1.356240028570822884e-04
-7.201012158033385399e-06 1.003532897892024200e-04
3.616360250476341920e-05 -6.451197546051243325e-05
3.613956055084139489e-05 1.538036566465969242e-04
-3.582603910995153818e-06 1.564643655814006401e-04
-2.619745104089744674e-04 8.219025043752238840e-05
8.704706823817122242e-06 -2.990073504658674665e-05
9.176077653550229478e-06 -1.987568914600892792e-04
-2.196718878375119287e-05 3.571125715117464620e-05
1.477894044741516043e-04 -5.182702182736474169e-05
-8.084936028931876296e-05 -5.017570435845365609e-05
9.154021177020741631e-05 3.287511096596844876e-05
-5.297602037670388019e-05 5.132674331133561509e-05
9.707754934804039079e-06 9.686449905328892770e-05
-7.020530938773523522e-05 -3.276621465977682209e-05
-3.921081531321576370e-05 -1.463514948132118567e-04
2.961202770645760522e-05 2.610552721798893312e-05
5.113456642460890418e-07 -2.345871333751469275e-05
-1.415370742050414275e-04 -4.206453227653590585e-05
-3.427145165267695293e-05 -8.022772692216189867e-05
-1.612857116660091551e-05 4.040508568145383822e-05
1.886185901210530322e-04 1.745778128318389586e-05
2.575503907227643700e-05 -7.444591576616721922e-06
-1.918771215299041612e-04 -2.651387544921687743e-06
6.023020994102643773e-06 2.463242112485286204e-04
-1.923609647811225270e-05 3.015473423336124714e-05
-3.471176970524331187e-06 -1.168678037619532117e-04
1.142822814515020660e-04 7.519330326867741980e-05
7.910319470430469935e-05 -9.093874547947390316e-05
1.402794310936099364e-04 -1.401851062792280943e-04
5.868570938002703487e-05 2.190455625809978606e-04
-9.905363251306883272e-05 -5.662977296027719455e-05
9.965136508764123219e-06 -5.034756541161992618e-05
-1.550663431066132798e-04 6.856297480602732626e-06
-1.062303713726104974e-04 4.735924306351816363e-05
-9.194242342338032365e-05 1.549934405017539408e-04
-7.832532923362371441e-05 -3.220615162056755814e-05
8.135172173696698548e-05 -1.230864316433955398e-04
2.274599346041294379e-05 1.307142754282428036e-04
-1.607483234561227529e-04 1.846338585323042212e-05
2.598827942484235369e-05 7.818228717773103578e-05
-1.236950710878081938e-04 -1.320456613084276289e-04
5.219415656168976882e-05 2.969846732331860855e-05
2.504928503458765511e-05 3.464482094969756760e-05
-6.800247215784909079e-05 2.322536971610035758e-05
2.930724732986812620e-05 -7.143514180263678122e-05
1.865774511144756623e-04 4.738329209117875550e-05
-1.191303497202648656e-04 6.565536086338297911e-05
-9.746816702273214785e-05 7.870846037424520162e-05
1.158595579007404064e-04 -8.206823183517105672e-05
9.633761292443219235e-05 4.127809269364983441e-05
8.220601599944900415e-05 1.896792982653947479e-04
-2.453881160028705200e-05 -7.537361643574896084e-05
-8.895144296255233572e-05 -8.158102849654383284e-05
-7.710170941410421171e-06 3.411519748166439103e-05
2.766907993300190738e-05 8.271832490360238430e-05
1.300189187790701987e-06 1.453534077157317026e-04
-2.646568332379560989e-05 2.720169166589618765e-04
6.256673477650062708e-05 -8.571575564162826433e-05
-1.070892498061112391e-04 4.824724152431853071e-05
-2.234627853258509085e-05 7.140004940920920097e-05
4.732376245735448969e-05 -7.282891265687277608e-06
-8.467937180684050383e-05 -1.514847224685864633e-04
-4.465149520670211146e-05 8.563987943234724169e-05
