3.068796735864722582e-05 1.456724837304832789e-04
-2.414169736555228253e-05 1.470553043495844282e-04
-7.529600751087822316e-05 1.260502879411149087e-04
-1.149871830726805931e-04 8.585525784231616650e-05
-1.371726023730777358e-04 3.258954301687524215e-05
-1.384747364349106415e-04 -2.563763430794184305e-05
-1.186953471511400431e-04 -7.996171421510847111e-05
-8.084566723960963613e-05 -1.221123479877691740e-04
-3.068796735864734102e-05 -1.456724837304831975e-04
2.414169736555225881e-05 -1.470553043495843740e-04
7.529600751087814185e-05 -1.260502879411148274e-04
1.149871830726805524e-04 -8.585525784231627492e-05
1.371726023730776274e-04 -3.258954301687535057e-05
1.384747364349106415e-04 2.563763430794177529e-05
1.186953471511400566e-04 7.996171421510851177e-05
8.084566723960970390e-05 1.221123479877693366e-04
3.091359554517924592e-05 1.467435164889450245e-04
-2.431919518848512789e-05 1.481365040671328342e-04
-7.584960890875600253e-05 1.269770517618530104e-04
-1.158326072510857855e-04 8.648649437567163770e-05
-1.381811411646372955e-04 3.282915222281806398e-05
-1.394928489510365434e-04 -2.582613075895356421e-05
-1.195680349904650383e-04 -8.054961944713280662e-05
-8.144007158953157747e-05 -1.230101587586046271e-04
-3.091359554517927302e-05 -1.467435164889448890e-04
2.431919518848510417e-05 -1.481365040671327258e-04
7.584960890875604318e-05 -1.269770517618530917e-04
1.158326072510858126e-04 -8.648649437567167836e-05
1.381811411646371600e-04 -3.282915222281809108e-05
1.394928489510365434e-04 2.582613075895356421e-05
1.195680349904651197e-04 8.054961944713291504e-05
8.144007158953159103e-05 1.230101587586047897e-04
3.102331123134073224e-05 1.472643250625640563e-04
-2.440550663624597443e-05 1.486622565039699543e-04
-7.611880735493283207e-05 1.274277070193575816e-04
-1.162437096725380659e-04 8.679344427608852756e-05
-1.386715609443515843e-04 3.294566642631664835e-05
-1.399879241232178633e-04 -2.591779048365205925e-05
-1.199923948480163967e-04 -8.083549873784065271e-05
-8.172911119097239383e-05 -1.234467350848136131e-04
-3.102331123134067803e-05 -1.472643250625640563e-04
2.440550663624597443e-05 -1.486622565039699272e-04
7.611880735493285917e-05 -1.274277070193575545e-04
1.162437096725380659e-04 -8.679344427608856822e-05
1.386715609443516656e-04 -3.294566642631670256e-05
1.399879241232178904e-04 2.591779048365208297e-05
1.199923948480164374e-04 8.083549873784059850e-05
8.172911119097238028e-05 1.234467350848136944e-04
3.102331123134077968e-05 1.472643250625640563e-04
-2.440550663624599815e-05 1.486622565039700356e-04
-7.611880735493296759e-05 1.274277070193576358e-04
-1.162437096725382827e-04 8.679344427608859532e-05
-1.386715609443518011e-04 3.294566642631670256e-05
-1.399879241232180531e-04 -2.591779048365210668e-05
-1.199923948480164916e-04 -8.083549873784065271e-05
-8.172911119097243449e-05 -1.234467350848136673e-04
-3.102331123134067803e-05 -1.472643250625640563e-04
2.440550663624604219e-05 -1.486622565039699814e-04
7.611880735493289983e-05 -1.274277070193576087e-04
1.162437096725382150e-04 -8.679344427608854111e-05
1.386715609443516385e-04 -3.294566642631663480e-05
1.399879241232179718e-04 2.591779048365210668e-05
1.199923948480164645e-04 8.083549873784057140e-05
8.172911119097246160e-05 1.234467350848136673e-04
3.091359554517938144e-05 1.467435164889449432e-04
-2.431919518848526342e-05 1.481365040671328613e-04
-7.584960890875631424e-05 1.269770517618530917e-04
-1.158326072510860701e-04 8.648649437567170546e-05
-1.381811411646376208e-04 3.282915222281814529e-05
-1.394928489510368415e-04 -2.582613075895356421e-05
-1.195680349904653772e-04 -8.054961944713294214e-05
-8.144007158953180787e-05 -1.230101587586047626e-04
-3.091359554517926624e-05 -1.467435164889451329e-04
2.431919518848529391e-05 -1.481365040671328342e-04
7.584960890875626003e-05 -1.269770517618530375e-04
1.158326072510860023e-04 -8.648649437567163770e-05
1.381811411646374852e-04 -3.282915222281804365e-05
1.394928489510367873e-04 2.582613075895356421e-05
1.195680349904654043e-04 8.054961944713284728e-05
8.144007158953183497e-05 1.230101587586046813e-04
3.068796735864744266e-05 1.456724837304832518e-04
-2.414169736555252647e-05 1.470553043495845095e-04
-7.529600751087861619e-05 1.260502879411150442e-04
-1.149871830726811352e-04 8.585525784231635624e-05
-1.371726023730782237e-04 3.258954301687539800e-05
-1.384747364349111565e-04 -2.563763430794178545e-05
-1.186953471511403141e-04 -7.996171421510859308e-05
-8.084566723960994784e-05 -1.221123479877693908e-04
-3.068796735864724615e-05 -1.456724837304833602e-04
2.414169736555243500e-05 -1.470553043495845366e-04
7.529600751087850777e-05 -1.260502879411149900e-04
1.149871830726809319e-04 -8.585525784231624782e-05
1.371726023730781695e-04 -3.258954301687528958e-05
1.384747364349111565e-04 2.563763430794179901e-05
1.186953471511405039e-04 7.996171421510847111e-05
8.084566723961000205e-05 1.221123479877692824e-04
