3.971073789748134431e+01 1.528236495532378925e+01
4.289575489631064187e+01 1.445471521714934404e+01
4.570337435152575978e+01 1.450652859604767997e+01
4.838228238828419592e+01 1.485082215009302686e+01
5.124490937052878792e+01 1.486530021036987748e+01
5.905337756104819391e+01 1.321266724092199141e+01
6.031171725703275399e+01 1.249647796016384760e+01
4.064802009243359748e+01 1.290601588970829816e+01
4.338954537565483349e+01 1.244929360843089938e+01
4.624750059913640143e+01 1.263325030743445687e+01
4.881552328186734968e+01 1.300812063492957726e+01
5.344114290141922652e+01 1.356422014842687496e+01
5.880080038544000587e+01 1.139626074800007594e+01
6.009420991635973763e+01 1.101137200283482542e+01
4.197265874276594388e+01 1.054764609046018187e+01
4.405336523687645922e+01 9.723854382210628700e+00
4.679911026801801910e+01 1.006690277891570418e+01
4.922716835329847385e+01 1.030354123960936086e+01
5.442048673429573569e+01 1.053465953860195725e+01
5.870168122248298914e+01 9.185350102236004233e+00
6.003165094219811238e+01 8.886349026730778533e+00
4.352818735482982504e+01 6.445049173896853389e+00
4.492968246773662599e+01 6.937447740489406378e+00
4.740932094069739122e+01 7.406615565779802957e+00
4.980722381673911059e+01 7.525507371443390880e+00
5.469208055028462923e+01 7.559010154958154537e+00
5.871530356416528207e+01 6.806705558418445712e+00
6.006414706882456045e+01 6.515467583855222067e+00
4.392413719817169948e+01 4.274963374264027394e+00
4.534431357454921852e+01 4.383444183157712004e+00
4.787975429644556868e+01 4.626194531675086985e+00
5.026798055391843434e+01 4.667929814594394600e+00
5.484843487608669221e+01 4.609427184826845547e+00
5.877173091452515052e+01 4.220469495618635491e+00
6.012464937439202828e+01 4.021683797082199696e+00
4.420579959850289242e+01 1.683258782816661414e+00
4.564077028188975760e+01 1.717280269375284218e+00
4.818824787268064114e+01 1.808935451701952024e+00
5.059591189809058420e+01 1.778810311107573927e+00
5.502577887413110602e+01 1.574956915274228875e+00
5.871803241768866854e+01 1.387451475902350850e+00
6.009666790774934952e+01 1.552377299401761945e+00
4.429491601310085969e+01 -9.058245276473871899e-01
4.573915898584495210e+01 -9.370853319363717793e-01
4.831603927813979737e+01 -9.846776466041895493e-01
5.075679230602212044e+01 -1.074241720928767796e+00
5.562241114180253732e+01 -1.217952164714213525e+00
5.859164031423280505e+01 -1.224999301136977747e+00
6.000361413358105267e+01 -1.175949641909354693e+00
4.419119127007059689e+01 -3.490640118170919237e+00
4.562518388822385162e+01 -3.593600931428214462e+00
4.819683216567354833e+01 -3.765988276435147775e+00
5.064265250545748387e+01 -3.816155091562191348e+00
5.487567083669831192e+01 -3.672361593742710983e+00
5.855863156982587014e+01 -3.745598243071995181e+00
5.995681614127640557e+01 -3.906314173813009827e+00
4.388397287401093649e+01 -6.049084812292698565e+00
4.529000120544005625e+01 -6.243843685175157532e+00
4.781951170011107877e+01 -6.572705854605230158e+00
5.019959789541384509e+01 -6.640295565165817315e+00
5.477091598255921667e+01 -6.799191238678595539e+00
5.859219643574594727e+01 -6.504786013745482265e+00
5.996239829924035547e+01 -6.441902713027221061e+00
4.343636561423748077e+01 -8.222573097086716132e+00
4.481761564098279393e+01 -8.777247915729313732e+00
4.725443037352798825e+01 -9.341637090202160820e+00
4.964210750399830374e+01 -9.526360647203860665e+00
5.464780589040080372e+01 -9.677783608891852296e+00
5.853576505382544326e+01 -9.142862185910157535e+00
5.989019522344020885e+01 -8.923931782230161147e+00
4.176994906802863738e+01 -1.215737596864758885e+01
4.388563898415782916e+01 -1.148738174272060064e+01
4.656609718125931607e+01 -1.197060638730110682e+01
4.892186796120099501e+01 -1.230729250099204997e+01
5.432266214178771691e+01 -1.265245659582720705e+01
5.844713748272997123e+01 -1.155248261050360981e+01
5.979373383565603461e+01 -1.131028686088974666e+01
4.029153368195849794e+01 -1.446116703405004955e+01
4.308189652609141973e+01 -1.416371173885351276e+01
4.596457185309046878e+01 -1.447963867478948607e+01
4.847560517708159011e+01 -1.495101943838485958e+01
5.320808676610075594e+01 -1.569344748869707118e+01
5.841961815618517306e+01 -1.377546184526189599e+01
5.973765858273004170e+01 -1.345986573918664142e+01
3.919524748413414272e+01 -1.676976125264800643e+01
4.244215737104946129e+01 -1.613315584369852473e+01
4.534266864095738470e+01 -1.632376841368235532e+01
4.799857522649369201e+01 -1.677488072682177389e+01
5.090917694754535461e+01 -1.688065396475971625e+01
5.856418808516215790e+01 -1.560593331024891128e+01
5.987168316627891329e+01 -1.495628834404848995e+01
1.764800749100801625e+01 -3.554858966150042221e+01
1.748008178397815371e+01 -3.945108197722244370e+01
1.752294803873308027e+01 -4.272320889642225694e+01
1.746489037031420466e+01 -4.581244654574992126e+01
1.708203183388757296e+01 -4.969405599884901648e+01
1.469767261699594130e+01 -5.766553274911430549e+01
1.418960216982603662e+01 -5.890786092844966504e+01
1.443298347394259196e+01 -3.719985447559044900e+01
1.420823580304150013e+01 -4.009006934641675457e+01
1.447296925229558795e+01 -4.334242109472918258e+01
1.478817451351432410e+01 -4.606890560930311551e+01
1.506498812187737002e+01 -5.194883572422929774e+01
1.245293769288501728e+01 -5.694543522056578411e+01
1.208378038151203704e+01 -5.825984309552222840e+01
1.237124676055267436e+01 -3.859547559414954065e+01
1.126291409104486974e+01 -4.100637012099880963e+01
1.136828445258431941e+01 -4.389808201508191843e+01
1.145814769097868790e+01 -4.637513702336602250e+01
1.126078425039309572e+01 -5.237947568666741205e+01
1.002006455726493073e+01 -5.651746142881050616e+01
9.622407551915394208e+00 -5.783586406794535151e+01
6.988644243697619274e+00 -4.076474834959121551e+01
7.720657540040952505e+00 -4.210694769836459983e+01
8.365787229745562215e+00 -4.456239275942152034e+01
8.368706776493690214e+00 -4.698527910150521336e+01
8.151648171688551159e+00 -5.231654527698727719e+01
7.395721648725790409e+00 -5.626309071693992081e+01
6.975863731300562698e+00 -5.758464690560962396e+01
4.975265416426784881e+00 -4.108295599342307014e+01
5.140891624551999328e+00 -4.248752015715665920e+01
5.329830840962111793e+00 -4.502628710201221907e+01
5.266736618430529759e+00 -4.744275522418502078e+01
5.063203896529667070e+00 -5.220885599893577478e+01
4.530281266578199961e+00 -5.605070596423746565e+01
4.233991486720958264e+00 -5.740015147803557483e+01
2.377772936759189104e+00 -4.127871454450512090e+01
2.401956067315914822e+00 -4.272064991296178960e+01
2.385233471211385403e+00 -4.526180420219716183e+01
2.253695107234385375e+00 -4.766622638334749240e+01
1.943634277371309782e+00 -5.213802687161985006e+01
1.504625874013260978e+00 -5.578094632768770111e+01
1.823890558180191412e+00 -5.715342331004858778e+01
-2.489660250307269840e-01 -4.123975626513629322e+01
-3.216231660003046056e-01 -4.268335710778421088e+01
-4.696897740385828079e-01 -4.526205232066060091e+01
-6.998874684056893836e-01 -4.770785421427787298e+01
-1.078734262002466471e+00 -5.235063642123903804e+01
-1.252988156394942321e+00 -5.541843506411727560e+01
-1.347682333261003507e+00 -5.683907172841629318e+01
-2.845238646625757539e+00 -4.096023329067478613e+01
-3.042385858091953832e+00 -4.238818342923269000e+01
-3.350607752446557175e+00 -4.496720787154473697e+01
-3.521792606451885188e+00 -4.744122087827274470e+01
-3.666174621603679018e+00 -5.172490879210720749e+01
-3.856594772761676726e+00 -5.526804271803970892e+01
-4.142802465522556155e+00 -5.665293813068828399e+01
-5.412743766747977858e+00 -4.044628300365969409e+01
-5.758776033683511208e+00 -4.182077781435522468e+01
-6.317107859115188795e+00 -4.433212043126274438e+01
-6.512775518309394940e+00 -4.674188728897266287e+01
-6.977202612324817643e+00 -5.144862984374341153e+01
-6.899029803018111195e+00 -5.519579289968280733e+01
-6.757240577696594919e+00 -5.656669191008526099e+01
-7.418643690283915682e+00 -3.986558679255031024e+01
-8.292153205520309101e+00 -4.111171634044043799e+01
-9.176134484038321659e+00 -4.347747616610248400e+01
-9.496469943139590697e+00 -4.586434938671205686e+01
-9.998229202873103461e+00 -5.117819078175655534e+01
-9.748706693333353712e+00 -5.503459602405974493e+01
-9.519796487083446834e+00 -5.641003217990745355e+01
-1.216653832517890699e+01 -3.724193854015274496e+01
-1.140919219206898205e+01 -3.964428892669239701e+01
-1.195335654431683636e+01 -4.244290677658491973e+01
-1.239002317891850247e+01 -4.488879428670347949e+01
-1.308793946806902753e+01 -5.079157939054209692e+01
-1.238720752788910140e+01 -5.498490551668115955e+01
-1.219052516054650503e+01 -5.633930553652157869e+01
-1.413779409535806764e+01 -3.540507827226455362e+01
-1.428686060300853100e+01 -3.829870464033031396e+01
-1.501955292834386313e+01 -4.147829277277307369e+01
-1.569068983048866528e+01 -4.414443982687949841e+01
-1.677478175451929943e+01 -4.984182358272264679e+01
-1.487096854498756215e+01 -5.511508848222658230e+01
-1.470710655671119760e+01 -5.646945639110104764e+01
-1.714212562626693170e+01 -3.337986120943185853e+01
-1.739400160569200793e+01 -3.720953688002298065e+01
-1.791481888953176593e+01 -4.042828020709862358e+01
-1.825557678738732292e+01 -4.347777698564335225e+01
-1.841800072810451994e+01 -4.733249388565722171e+01
-1.721773403835070937e+01 -5.555025006313457681e+01
-1.687879749756200454e+01 -5.685013248272853303e+01
-3.691364013954046186e+01 -1.266685900847205382e+01
-4.003833723170264847e+01 -1.169451784950221551e+01
-4.287743925427429303e+01 -1.158369066882512044e+01
-4.555845880470116782e+01 -1.180572022439794644e+01
-4.842395489674710518e+01 -1.174043300586542138e+01
-5.601573794284549024e+01 -9.907396635828270348e+00
-5.726402277586971934e+01 -9.167409145659171088e+00
-3.777303777965016707e+01 -1.025398556275225381e+01
-4.050243306577495872e+01 -9.669478832139938973e+00
-4.337958722656662758e+01 -9.694714650622149321e+00
-4.595815081518553313e+01 -9.957784998073243798e+00
-5.060133275438663958e+01 -1.039559094596432764e+01
-5.573877171073628034e+01 -8.096053118129725945e+00
-5.702854275527545269e+01 -7.683264873384849203e+00
-3.901829044550318315e+01 -7.861151620937349094e+00
-4.110831065062712497e+01 -6.892578783255191688e+00
-4.385411670611222945e+01 -7.103734941143710735e+00
-4.629322254730399777e+01 -7.243112055206740507e+00
-5.143382309347330761e+01 -7.277098770430421304e+00
-5.562232696486380235e+01 -5.885473784852557344e+00
-5.694755872716077505e+01 -5.556791525045110980e+00
-4.050597127563107591e+01 -3.475454106143376354e+00
-4.191008698744021643e+01 -3.984080694969021064e+00
-4.438125360530048624e+01 -4.391624531999421599e+00
-4.678785678583834340e+01 -4.424588816252677859e+00
-5.159477471781994495e+01 -4.260456978334250522e+00
-5.560267176739230166e+01 -3.488465868631435818e+00
-5.694004711970453769e+01 -3.178727994821648029e+00
-4.082528783065037459e+01 -1.315664695153414776e+00
-4.224453047605373968e+01 -1.395980151986398132e+00
-4.477236849012217590e+01 -1.553160265825109354e+00
-4.715367380663748520e+01 -1.490580828524578294e+00
-5.166747743080138378e+01 -1.271240029480670941e+00
-5.557542161576431994e+01 -8.241119392385422016e-01
-5.693631634149161869e+01 -6.655945182074353150e-01
-4.102796590278480693e+01 1.303808061321110934e+00
-4.246864783830681489e+01 1.311390769411736823e+00
-4.501516772386679577e+01 1.311427132875680357e+00
-4.742214072944901915e+01 1.452206995048165528e+00
-5.177460675004338952e+01 1.790715858282217798e+00
-5.546568916616130451e+01 2.015934103990127291e+00
-5.683700110465632349e+01 1.783651556354623580e+00
-4.104082399834513950e+01 3.924459819019034512e+00
-4.248051357346062673e+01 4.018788711799095026e+00
-4.506040248964709605e+01 4.161438744559487368e+00
-4.751196009205568060e+01 4.322799106664492186e+00
-5.235776597423109280e+01 4.641331005541387000e+00
-5.528934145832166536e+01 4.640833910288313824e+00
-5.670551051573083612e+01 4.616996003315102293e+00
-4.084218039244580467e+01 6.516115822017455983e+00
-4.226969392794387659e+01 6.726396278363152348e+00
-4.484679353614005493e+01 7.019917099679851447e+00
-4.731133342794571917e+01 7.139776758694142522e+00
-5.168637505416875655e+01 7.071529099228629711e+00
-5.526164686232446854e+01 7.175105589040381204e+00
-5.664987115958534503e+01 7.469499588295574810e+00
-4.043665048236404402e+01 9.105079734256024793e+00
-4.181685751382443073e+01 9.438857867373503296e+00
-4.433486958965859515e+01 9.943793079207368990e+00
-4.673445570168684071e+01 1.007375717627624745e+01
-5.151604788749587982e+01 1.032437432214432604e+01
-5.531838973315425534e+01 1.012803345113984221e+01
-5.669280021964556937e+01 1.001941218900753050e+01
-3.994463740729775481e+01 1.116364618421484600e+01
-4.122260295011391662e+01 1.199402803350585955e+01
-4.361619598646083062e+01 1.278167919974491618e+01
-4.599923717341888363e+01 1.303636487465182547e+01
-5.132807952311441113e+01 1.334407035957958776e+01
-5.529494751563094468e+01 1.295446307999156588e+01
-5.666429581383015801e+01 1.271296263689265160e+01
-3.759609777887848736e+01 1.596260828927209907e+01
-3.994723694760268984e+01 1.511920835983957190e+01
-4.274500736873923046e+01 1.557721014682133465e+01
-4.517801608880187558e+01 1.595645654403986669e+01
-5.108761492229736945e+01 1.644682369718405468e+01
-5.535644932491405257e+01 1.558096381570418032e+01
-5.670426119852311331e+01 1.532295881753452882e+01
-3.585685576695715326e+01 1.803570143640063250e+01
-3.878215167574642663e+01 1.805070600530122249e+01
-4.192888816527729290e+01 1.864477002372816727e+01
-4.458126440999604512e+01 1.921783422328729429e+01
-5.039274073453496783e+01 2.014732044449125326e+01
-5.557909069895453769e+01 1.803893791193737428e+01
-5.691988633139096976e+01 1.779066248954048746e+01
-3.388645496506565280e+01 2.115184107053547180e+01
-3.775888132133932373e+01 2.124182027780474158e+01
-4.097359027244630880e+01 2.157031000443742741e+01
-4.403657957977593185e+01 2.181428705455111583e+01
-4.798859116718154638e+01 2.188156791328816908e+01
-5.611136721549982553e+01 2.035267741845321154e+01
-5.739680586241775018e+01 1.996838521740409433e+01
-1.313120183976911726e+01 3.927203584858582275e+01
-1.227476640979591060e+01 4.260164777769719535e+01
-1.223396305372037141e+01 4.552427732035742025e+01
-1.247880517235746112e+01 4.824897271258360121e+01
-1.242194285109844287e+01 5.122052264461089521e+01
-1.051000670891363775e+01 5.893165481426753871e+01
-9.743456603653642745e+00 6.016827450738268368e+01
-1.074264095617752268e+01 4.031794430320633893e+01
-1.024595899578982028e+01 4.313603250802555777e+01
-1.034435717216511819e+01 4.607701924656186065e+01
-1.062819139041220495e+01 4.868933850769567329e+01
-1.107838014055854892e+01 5.342895298368991774e+01
-8.697647027777058781e+00 5.862419123987535130e+01
-8.260499006435567892e+00 5.990816681303324032e+01
-8.352866430662597708e+00 4.170549306495950503e+01
-7.489746719643879835e+00 4.380417948933740035e+01
-7.747621745544910787e+00 4.658359675730343241e+01
-7.928533472476689603e+00 4.903097261198593770e+01
-8.011696374592947478e+00 5.426379562012314750e+01
-6.479783082460633281e+00 5.846695890687435337e+01
-6.123991483262065216e+00 5.978811468653803018e+01
-4.265852272528199762e+00 4.321069158033795787e+01
-4.690304869849646785e+00 4.463604452137679601e+01
-5.072752441846901661e+00 4.713203770842698503e+01
-5.123220873540211606e+00 4.952696846101887473e+01
-4.979658162440969704e+00 5.447277174883918605e+01
-4.061333565185946348e+00 5.838675318497884348e+01
-3.736513974320864406e+00 5.972203750343375361e+01
-2.064606250190564651e+00 4.354979572312735314e+01
-2.123172091409275097e+00 4.497490542459232898e+01
-2.293707338575730503e+00 4.750673084076782970e+01
-2.219226473327800875e+00 4.989260696734456957e+01
-1.988695305933279256e+00 5.447223037378479660e+01
-1.429773158532036126e+00 5.830757806595678261e+01
-1.204049512556398360e+00 5.966014999419998333e+01
5.449441264399234042e-01 4.372784888960343608e+01
5.784807403435343609e-01 4.516678571582647805e+01
5.990644472710501267e-01 4.770115600116177745e+01
7.449512332065247877e-01 5.010688448351707081e+01
1.087893258851722944e+00 5.444911594914520236e+01
1.460007675007943151e+00 5.812292860279788442e+01
1.299885276657162025e+00 5.950599858132639497e+01
3.149750874152810631e+00 4.370906480893964385e+01
3.269300317191025762e+00 4.514371994754424122e+01
3.456203354301292219e+00 4.770689567176660972e+01
3.710990633979780906e+00 5.015270649657999513e+01
4.067933152259842089e+00 5.475739638454470537e+01
4.161909694424945627e+00 5.786181611004055725e+01
4.117711939865380977e+00 5.927715559548830271e+01
5.726275552395271973e+00 4.347447181839482511e+01
5.966395462769218838e+00 4.489199868532903537e+01
6.321342305540742501e+00 4.745565633334905442e+01
6.494584168908799526e+00 4.991490602488695316e+01
6.577894863273661130e+00 5.410390539612346572e+01
6.744094061747904156e+00 5.773336917065745411e+01
6.969072377128162188e+00 5.912930259645765574e+01
8.283320764935693248e+00 4.300167432313232752e+01
8.641944796443368659e+00 4.437931247577178340e+01
9.177191471449017257e+00 4.688216657864746395e+01
9.409510175536793142e+00 4.927893773193700611e+01
9.856865168640608132e+00 5.384592727014458546e+01
9.700990406675929378e+00 5.770469829465210410e+01
9.577325721070973685e+00 5.907571898125739551e+01
1.033236362738898961e+01 4.242969868853377591e+01
1.117139693872736750e+01 4.369361851623454385e+01
1.203217543180624283e+01 4.607875851280363122e+01
1.237130706997007046e+01 4.848921746456228732e+01
1.290070422750867252e+01 5.363283843270817641e+01
1.253190950455307373e+01 5.760819690138055904e+01
1.224625900667347089e+01 5.897410043958412018e+01
1.493816842353616181e+01 3.993343595667518997e+01
1.421165480616429910e+01 4.230750236478136372e+01
1.483462426047131544e+01 4.509755396647845771e+01
1.529954829847102182e+01 4.753141997773101224e+01
1.598072184639375770e+01 5.334385739965072304e+01
1.516063569222560226e+01 5.762123893638845828e+01
1.490951572082285281e+01 5.897065813450825544e+01
1.695325128310201279e+01 3.808195500173789583e+01
1.707553111803877854e+01 4.104655143883208268e+01
1.780306650561227499e+01 4.418910977096211923e+01
1.847562058411148200e+01 4.681459925279921919e+01
1.958281581822560113e+01 5.249428475512254977e+01
1.763611311623447619e+01 5.778965175012222488e+01
1.741975874205097341e+01 5.913472190452276323e+01
1.994851247157228968e+01 3.607878768477523579e+01
2.018338544215440322e+01 3.990616300320366605e+01
2.066110887102173876e+01 4.316238318629656590e+01
2.103713277616721911e+01 4.618965357768865942e+01
2.119454464489870205e+01 5.002586409946856350e+01
1.996549722122062676e+01 5.824910563774714234e+01
1.962725496451362872e+01 5.954735656925553400e+01
-8.854926226015753521e-01 -3.608547617977033717e+00
2.926143879093309197e-01 -1.562304103539761124e+00
6.653316970736722347e-01 1.279669173650104241e+00
1.917918334154087079e+00 2.889751286600464653e+00
8.549812271939714492e+00 9.685872247962981518e+00
8.405864169545356646e+00 7.512659128100854566e+00
6.408968398400973321e+00 5.653830620819098485e+00
4.699131901123798194e+00 4.216407068170522798e+00
9.411910038909704568e+00 1.190567419609832100e+01
1.090910072091601002e+01 1.010096360972450746e+01
1.501063945104944608e+01 1.273188490844271392e+01
1.646825904116288797e+01 1.255851574093693657e+01
9.931718806728021320e+00 1.793851951569791225e+01
1.474985710112438753e+01 1.656611148917304632e+01
1.719113804761765962e+01 1.540518679024497040e+01
1.706660666041097585e+01 1.393914880722431882e+01
1.657370476180581420e+01 2.206600870319188346e+01
1.786011935179017485e+01 2.007609297976015128e+01
1.858202181636127648e+01 1.767462119383250396e+01
1.846991933198105329e+01 1.613021859828051063e+01
1.833210515129733409e+01 2.489607201434488104e+01
1.924680012118876959e+01 2.223364466565910291e+01
2.011147490075222066e+01 1.998563634317456916e+01
2.003084920701433091e+01 1.827636656666670945e+01
1.996133354704772600e+01 2.742964945157360290e+01
2.090649063812086794e+01 2.479129903195785545e+01
2.178745377289178009e+01 2.239745356325197889e+01
2.172517610100330998e+01 2.066726345411574783e+01
2.130556932300127571e+01 2.969876462085473889e+01
2.251120931587241358e+01 2.759170171059925281e+01
2.321299753394182019e+01 2.477339389303739736e+01
2.338914484926517900e+01 2.313967389310038669e+01
2.130960082525862731e+01 3.282756831887163429e+01
2.322566419250052761e+01 3.020843216262905173e+01
2.448434218928432671e+01 2.722992934864482351e+01
2.454790646377793450e+01 2.485665322199873017e+01
2.323335727598224665e+01 3.569580224832231607e+01
2.720989801458436830e+01 3.819011380203536277e+01
3.073251646153113725e+01 3.902865444810520046e+01
3.263487843477975048e+01 3.908453113601720474e+01
3.452288913207319609e+01 4.064255878808707934e+01
3.682926037101928074e+01 4.197448201106881527e+01
3.906183497019819839e+01 4.340934264083554694e+01
2.437553772546286979e+01 3.863098472522733573e+01
2.671637951358110286e+01 4.006472640161531729e+01
2.888266138617871093e+01 4.029508633346775071e+01
3.245668598005695316e+01 4.073107457183625257e+01
3.522271699258349997e+01 4.222420888325367372e+01
3.754167168529202314e+01 4.349871675208260058e+01
3.939772489783366183e+01 4.473744594981406664e+01
4.063386500965551562e+01 4.536967840660908280e+01
2.460056430315245635e+01 4.150999617601071634e+01
2.739520572632516249e+01 4.223417932392978003e+01
2.986919566473728693e+01 4.316477644549733128e+01
3.292106635807775916e+01 4.419385760110056083e+01
3.525922358655348887e+01 4.505314035886625135e+01
3.772962317628949336e+01 4.605345154435875799e+01
4.014441079599754403e+01 4.679917378302717168e+01
4.149316167067193817e+01 4.777129236584251260e+01
2.522929285420037715e+01 4.395814785782969381e+01
2.812172412466778226e+01 4.452652817639022231e+01
3.102712124634008717e+01 4.571212957402990185e+01
3.359960330127687200e+01 4.600968028447238112e+01
3.579493070460847548e+01 4.714401220481412480e+01
3.835356097858644375e+01 4.816037900298699270e+01
4.079801499690450584e+01 4.897264583889667477e+01
4.192743267888362624e+01 4.984630053562462138e+01
2.399338249767266262e+01 4.925673390091895953e+01
2.805324324639566669e+01 5.227243540348540307e+01
2.931441519471911406e+01 5.383894244409370344e+01
3.236417025912721357e+01 5.327431162610605497e+01
3.536709333136372635e+01 5.402514816082543092e+01
3.793802543293251972e+01 5.466540108942408693e+01
4.035305687756521564e+01 5.491422320894388776e+01
4.178847802583594984e+01 5.492071460731057186e+01
2.300701718531148288e+01 5.949790915723031048e+01
2.584852066418154948e+01 5.938084959374920402e+01
2.830667598133052465e+01 5.908086649879155061e+01
3.071604797894949002e+01 5.915843599775644890e+01
3.327486317481706379e+01 5.942869107177853039e+01
3.577061200644665462e+01 5.937932376441693805e+01
3.774411565722940054e+01 5.899095400684690560e+01
3.889296919782182727e+01 5.913886066357394355e+01
2.156493445361500960e+01 5.978527981200131336e+01
2.461266279139394797e+01 6.000000762182228442e+01
2.709232336918716655e+01 5.993944184179417078e+01
2.950085900053520760e+01 5.991114644072879969e+01
3.193473171119680387e+01 6.002904667314339804e+01
3.449462545548472292e+01 6.014611452884550857e+01
3.701132829024352588e+01 5.994237436861507717e+01
8.494555436482457367e+00 -7.066913375526580943e+00
7.441897162822799672e+00 -5.248092018639774814e+00
5.855562417817623100e+00 -2.972893281351066452e+00
4.942916028732079248e+00 -7.037166294058830873e-01
8.876784638903789215e+00 -9.573179386439262473e+00
1.055317192418104888e+01 -8.140764357065485513e+00
1.475460709732156950e+01 -1.174489219146988894e+01
1.622720184110688280e+01 -1.159835969930358068e+01
9.085427423328283680e+00 -1.590097971780432928e+01
1.391355222757397314e+01 -1.526659771717338820e+01
1.657818461008369226e+01 -1.450695761805896744e+01
1.664483497925918343e+01 -1.304672607242394555e+01
1.535063945553349818e+01 -2.119410565872655638e+01
1.680547523057223458e+01 -1.924663220424203303e+01
1.776432026480622639e+01 -1.692609034494249798e+01
1.778546657060661218e+01 -1.536781158157764615e+01
1.690922757012777566e+01 -2.421723756019352436e+01
1.799346624943979478e+01 -2.155089437963178511e+01
1.905018094866704814e+01 -1.936059733479708811e+01
1.914165289026301053e+01 -1.765883208514271274e+01
1.828350646820033987e+01 -2.690020715781298222e+01
1.942849190187604691e+01 -2.428225073594129668e+01
2.048935967144532100e+01 -2.191377249523507231e+01
2.059091585626120136e+01 -2.017955990861046445e+01
1.947207822606261018e+01 -2.924523980116833144e+01
2.080120145094783979e+01 -2.718110847820590692e+01
2.169625011311817531e+01 -2.440059498461539889e+01
2.201805346567318011e+01 -2.278119035441709173e+01
1.925299741997868708e+01 -3.244385963356233304e+01
2.135085793229339046e+01 -2.981251140830603674e+01
2.275911097089824509e+01 -2.690785186856899358e+01
2.300068938572769284e+01 -2.455097667326124267e+01
2.089565700980245921e+01 -3.566470198524026358e+01
2.481722718835142771e+01 -3.898047823474768592e+01
2.823867324562930037e+01 -4.042667753006534781e+01
3.012401408888283783e+01 -4.082180429779809572e+01
3.173608853634332050e+01 -4.264187588851754640e+01
3.382783016175054058e+01 -4.434309268700967266e+01
3.581363488866824696e+01 -4.613892976371285926e+01
2.187279631405420943e+01 -3.887260992798978521e+01
2.404663453862987765e+01 -4.070050499986074755e+01
2.616912483356035324e+01 -4.130788379633030871e+01
2.967233239626265373e+01 -4.239877703392230046e+01
3.219400964556011502e+01 -4.432021375135067842e+01
3.429957216031262845e+01 -4.596545935785267289e+01
3.593829139338110679e+01 -4.751183003521866510e+01
3.705579385480560006e+01 -4.834141603926509134e+01
2.171381477604201393e+01 -4.173578590309809044e+01
2.438620335377889248e+01 -4.294357023433203580e+01
2.669609977385115940e+01 -4.429316999335538441e+01
2.961901758022782616e+01 -4.586471280150277607e+01
3.180553337780623124e+01 -4.710309930879548546e+01
3.407957523236673580e+01 -4.851646486073589415e+01
3.635063375553170317e+01 -4.967827361701318267e+01
3.752992513339475522e+01 -5.087694482460444334e+01
2.195609250787897437e+01 -4.427009444861437260e+01
2.474262661532761598e+01 -4.533378208857449465e+01
2.748584630673464346e+01 -4.705572750302318497e+01
3.000809424087448818e+01 -4.777093668931907899e+01
3.199828623114507664e+01 -4.925212001178969956e+01
3.434898233350202901e+01 -5.073564249005793414e+01
3.664953009058505984e+01 -5.194447879241051425e+01
3.763027242193227551e+01 -5.296824457123242524e+01
2.000060554331391671e+01 -4.928849831881176868e+01
2.365474064607932903e+01 -5.290651940881061677e+01
2.463741409121232451e+01 -5.467500313302356574e+01
2.769742867266729647e+01 -5.469502686295013660e+01
3.054005709998697426e+01 -5.597893459138712302e+01
3.291886810478517589e+01 -5.706978930675645501e+01
3.520978357789326907e+01 -5.782648386060347434e+01
3.659468281271268353e+01 -5.817210724935188892e+01
1.755257540183615816e+01 -5.932181203807564884e+01
2.036645335302198134e+01 -5.959582838016174833e+01
2.281021210303534730e+01 -5.972675730973637798e+01
2.518271195172999910e+01 -6.022716424809313907e+01
2.761170533144686701e+01 -6.093951128972011588e+01
3.001758269529073431e+01 -6.140012161105472899e+01
3.199413705577173772e+01 -6.146614450651512840e+01
3.308755123560553102e+01 -6.183217562419729063e+01
1.607713325843203478e+01 -5.940522192994689732e+01
1.906064063398549635e+01 -6.004972272482270057e+01
2.147826795490460583e+01 -6.037352468981898568e+01
2.384093192684830242e+01 -6.075453057970336346e+01
2.621459550373202063e+01 -6.131192893891106621e+01
2.866440881779633543e+01 -6.192122627255376699e+01
3.109592085860545296e+01 -6.224156028918869055e+01
-5.223823617229473193e+00 -6.578279818769614984e+00
-4.503029384971276805e+00 -4.591094547968820549e+00
-3.288931128019902950e+00 -2.086623358471225931e+00
-1.854926968690160161e+00 -2.353857845736507734e-02
-6.242545023303839535e+00 -8.965167036411632040e+00
-7.645533145059501656e+00 -7.176370069803168050e+00
-1.200545676624201974e+01 -1.010555186765955504e+01
-1.347595904520577648e+01 -9.894338321204699582e+00
-6.738456670488473854e+00 -1.555264994031521830e+01
-1.159636521465609960e+01 -1.386015137180077694e+01
-1.412308952709237531e+01 -1.276338087181946079e+01
-1.403378916699631063e+01 -1.129578182346094728e+01
-1.355451476869980354e+01 -1.949625090082564327e+01
-1.482796526961170791e+01 -1.747967935904560477e+01
-1.553909926613985881e+01 -1.505651093150544817e+01
-1.540698605517654585e+01 -1.350119507761342241e+01
-1.538670569723743675e+01 -2.236132089311989901e+01
-1.624936050479068328e+01 -1.962687329600460018e+01
-1.708475760051864967e+01 -1.736497506886919595e+01
-1.698896661095641392e+01 -1.564965793995206234e+01
-1.697660906049106799e+01 -2.485987126208008036e+01
-1.794632251171532999e+01 -2.219677243713928760e+01
-1.879355530821118592e+01 -1.976448673800990363e+01
-1.870919296189154224e+01 -1.803597714746825886e+01
-1.838607365124368442e+01 -2.705603900154812891e+01
-1.956172671991496159e+01 -2.494735554963197188e+01
-2.024544576493462245e+01 -2.212929906717018724e+01
-2.040826587097684452e+01 -2.049101917667084649e+01
-1.847855293578585290e+01 -3.013412207636457296e+01
-2.031485354754495276e+01 -2.756681282698165347e+01
-2.153674575512699718e+01 -2.457323673581425538e+01
-2.158017579224041071e+01 -2.218794953198689868e+01
-2.044972908735310568e+01 -3.303006931497813525e+01
-2.444205346506072019e+01 -3.557914980601214694e+01
-2.804113136980489074e+01 -3.647080913033665439e+01
-2.995756613272687829e+01 -3.654531601207026625e+01
-3.182123136698102783e+01 -3.811004860493791568e+01
-3.412305000276885636e+01 -3.945111300637476859e+01
-3.634852933278348530e+01 -4.091009707651793548e+01
-2.161062427036818434e+01 -3.598029042961650958e+01
-2.394684765669245508e+01 -3.744608228836990804e+01
-2.612416026615703402e+01 -3.770788232303402765e+01
-2.975803070070640999e+01 -3.819085345588553793e+01
-3.251132362196469927e+01 -3.969737981861231191e+01
-3.482395056339223771e+01 -4.098141699809903571e+01
-3.667555869271293290e+01 -4.224471106087225536e+01
-3.789593896021668940e+01 -4.288665583691113881e+01
-2.181191681203778998e+01 -3.885364760048926058e+01
-2.460322586051334071e+01 -3.962693632093624529e+01
-2.707101509942474138e+01 -4.058968544565764347e+01
-3.018333366078147151e+01 -4.165919610797733696e+01
-3.253598057364426666e+01 -4.251667192727398259e+01
-3.498882418111885073e+01 -4.353012355272930023e+01
-3.740409728567520631e+01 -4.431575858548956148e+01
-3.875476232314726133e+01 -4.531726662590369159e+01
-2.241377399610654919e+01 -4.132478983205868417e+01
-2.529864457704339387e+01 -4.195066004140350202e+01
-2.824736064462680929e+01 -4.319351818871150073e+01
-3.086742398281560185e+01 -4.348110382569074517e+01
-3.306464820120086046e+01 -4.459841006233683203e+01
-3.559314785804139092e+01 -4.567086357403287167e+01
-3.803835719526036740e+01 -4.650167649974626016e+01
-3.917826565243696990e+01 -4.732943180899947322e+01
-2.127933529039769667e+01 -4.650805364107337425e+01
-2.533913117206474297e+01 -4.934478571271356628e+01
-2.657641472776933611e+01 -5.094880811959802003e+01
-2.957524356762758799e+01 -5.053317792188222057e+01
-3.250855600175177784e+01 -5.141286002738704752e+01
-3.507279714613766686e+01 -5.214422207904621587e+01
-3.745408594149948556e+01 -5.267846002780655112e+01
-3.886666194942801411e+01 -5.292708554973754076e+01
-2.029864797845494095e+01 -5.682397618112133131e+01
-2.313110874728000255e+01 -5.671161252931093344e+01
-2.554343437145050899e+01 -5.648152232476228818e+01
-2.794557563775662246e+01 -5.661282103349063988e+01
-3.044690212574182198e+01 -5.692220674040835604e+01
-3.292767336689080082e+01 -5.690475590469723954e+01
-3.491609800313597844e+01 -5.657613837200293716e+01
-3.607666148302531894e+01 -5.672159991888451458e+01
-1.883743253809074858e+01 -5.709506754820194629e+01
-2.190335066998735769e+01 -5.733386165503628717e+01
-2.433304013569063073e+01 -5.731385690447339698e+01
-2.671376427228057437e+01 -5.733593937797115103e+01
-2.912784430723126050e+01 -5.751420534109327320e+01
-3.166947448910716645e+01 -5.766107353771924693e+01
-3.415111991836917582e+01 -5.749573393712483949e+01
-5.020127685952304297e+00 9.940699847519367083e+00
-4.694023264686663310e+00 7.798848117297127125e+00
-2.762688502311581917e+00 5.695367157360402999e+00
-6.437035112165393480e-01 4.614965962275173972e+00
-5.876995816585719901e+00 1.218088142077703395e+01
-7.364583210930429225e+00 1.046898810248136868e+01
-1.139674311901442394e+01 1.388059637847131356e+01
-1.282906375772546248e+01 1.374233582828275324e+01
-6.144122820367719839e+00 1.875079593661792643e+01
-1.155283400139076022e+01 1.791478759692361322e+01
-1.367154082414188032e+01 1.658063747367912555e+01
-1.343551386603745179e+01 1.510970261104939283e+01
-1.356083931416065802e+01 2.234639126647412510e+01
-1.501207207329245819e+01 2.083898077077871136e+01
-1.529808667609818329e+01 1.878893054798781392e+01
-1.496373940188186324e+01 1.727613208858145200e+01
-2.269219229465591781e+01 1.986440594836379248e+01
-1.992686146314937190e+01 2.093604839105370985e+01
-1.755086139927210809e+01 2.089592643734652100e+01
-1.671673677038023342e+01 1.937822058840970030e+01
-2.512038429077696833e+01 2.119659886911833269e+01
-2.244135727170218075e+01 2.207894442334248097e+01
-2.011177355680977996e+01 2.280827036421984388e+01
-1.846423878590097800e+01 2.243160814959409421e+01
-2.743240659210649213e+01 2.251566324491824389e+01
-2.529411870617466818e+01 2.366911064514145480e+01
-2.246342711377277723e+01 2.426885950813224468e+01
-2.085646650648136813e+01 2.441455731952351371e+01
-3.062123689649029501e+01 2.255478809492241865e+01
-2.791881666351344293e+01 2.442155614205176661e+01
-2.490934677885551096e+01 2.558670345907119525e+01
-2.251940700552083285e+01 2.558818146821210604e+01
-3.358787537500020903e+01 2.442277767919516407e+01
-3.636838217854153754e+01 2.840217302498242447e+01
-3.747660133827101703e+01 3.195688794124225396e+01
-3.768835552820955570e+01 3.386739196172580790e+01
-3.937050083733658568e+01 3.565834007875490386e+01
-4.088321407659526585e+01 3.790420643192177153e+01
-4.246917976477218559e+01 4.004414717171591320e+01
-3.660718729098417157e+01 2.552357274158024936e+01
-3.818745525200703383e+01 2.781859297127066455e+01
-3.857288685553786678e+01 2.998486176535721626e+01
-3.931491529844945632e+01 3.357733167356710879e+01
-4.100455183791055447e+01 3.626983387225681810e+01
-4.245123001874965496e+01 3.851803376317333516e+01
-4.382765313409144170e+01 4.029599851792691823e+01
-4.452215481644622486e+01 4.149080758028536309e+01
-3.945997413061132164e+01 2.561097273189439605e+01
-4.039142394128736413e+01 2.837945829019757227e+01
-4.149870464695065664e+01 3.083738598673126319e+01
-4.274839788951397423e+01 3.384744513238668873e+01
-4.380828551886357758e+01 3.614071758634771214e+01
-4.500960872414837866e+01 3.855014595786879994e+01
-4.591860046790106509e+01 4.092848115328217062e+01
-4.696649501918305702e+01 4.224183136352741741e+01
-4.196515000078107960e+01 2.611587001045361234e+01
-4.275352069871016170e+01 2.898909930156300874e+01
-4.417030197447689943e+01 3.187202805566683139e+01
-4.463816133312329981e+01 3.441831145955880089e+01
-4.594276106407896521e+01 3.654683318272169856e+01
-4.718414114469675980e+01 3.904998948968060546e+01
-4.812462294644993932e+01 4.147622792825051619e+01
-4.898364398128545361e+01 4.259055542654361659e+01
-4.727573138289411503e+01 2.471636095434284641e+01
-5.036035914172328631e+01 2.869853658704370503e+01
-5.198753742115511756e+01 2.989381532502655503e+01
-5.165526460049058954e+01 3.295714932471645398e+01
-5.268373193265190935e+01 3.589287164930553331e+01
-5.355716966260998646e+01 3.837229303895384902e+01
-5.424763241710062545e+01 4.070669567604737438e+01
-5.462057191814481172e+01 4.209160437246286079e+01
-5.750169410672996406e+01 2.336425584118252985e+01
-5.752494213382279753e+01 2.619077402002489663e+01
-5.742324353480767485e+01 2.860501597398975093e+01
-5.771924045623068622e+01 3.098080123009427567e+01
-5.817728282224938852e+01 3.347568263037132397e+01
-5.833190522491754848e+01 3.595941475039025192e+01
-5.812032681105289811e+01 3.795992537707851255e+01
-5.831914588255359178e+01 3.910473486342355187e+01
-5.771887018631894506e+01 2.190477966565717338e+01
-5.809027127687227932e+01 2.493513669472546468e+01
-5.820365891291744020e+01 2.736734924685358550e+01
-5.836156006622844927e+01 2.970483351293682261e+01
-5.868052220942126951e+01 3.211740417688827165e+01
-5.898606117181547148e+01 3.466093523238924945e+01
-5.899073183381032948e+01 3.714728216365057278e+01
4.099404436974413812e+01 5.603775773905312008e+01
3.938626583359999955e+01 5.601250240658767154e+01
3.636874662840103412e+01 5.538223360610574986e+01
3.360166025877585128e+01 5.485490306211485745e+01
2.427124176561465063e+01 5.318775838963689750e+01
2.199636247172743353e+01 5.298379737569668180e+01
1.767075669547837435e+01 5.299979716428133969e+01
1.446381383312452229e+01 5.326909756326625001e+01
1.137773919117575083e+01 5.354312693175316440e+01
8.468151166580518918e+00 5.378735779033618769e+01
2.823685626529107040e+00 5.411128610125267357e+01
2.666017830342234873e+01 5.326668834300010502e+01
2.338467868003710137e+01 5.211529154486149196e+01
4.101384025028157509e+01 5.379263143063950281e+01
3.943219303629108197e+01 5.347856497256515240e+01
3.698010043632966415e+01 5.306789332919206004e+01
3.430621106552532495e+01 5.245944135457331470e+01
5.441510576965570323e+01 1.659468874878967526e+01
5.429254524797566717e+01 1.509103209218158703e+01
5.431054236621821474e+01 1.220732772809919098e+01
5.443424389104523442e+01 9.059934052869317966e+00
5.457241969314546282e+01 6.112276723288743163e+00
5.469958964180320748e+01 3.181644351793420977e+00
5.469124107521797384e+01 -1.903057394660831181e-01
3.076593023466401178e+01 5.249650816835367095e+01
5.321860186007863547e+01 1.600420413524932783e+01
3.610551867008788207e+01 -5.688029462159602190e+01
3.464223136541879455e+01 -5.622693614651562655e+01
3.232423313020308342e+01 -5.535750912610087227e+01
2.972131439122041385e+01 -5.424169180350477859e+01
5.397002082014554958e+01 -1.880551576545025938e+01
5.393603772618931202e+01 -1.729643517856458956e+01
5.406095844312395116e+01 -1.431258125081371269e+01
5.426779927193028641e+01 -1.118706597571435246e+01
5.445103389002557748e+01 -8.234386687335147670e+00
5.458546519912151496e+01 -5.460794233609219894e+00
2.629135795889995819e+01 -5.360990075511247710e+01
5.280882567073152245e+01 -1.814720624457720533e+01
3.557450548716388283e+01 -5.904621602252588985e+01
3.397396704338947160e+01 -5.865717751352178055e+01
3.127657373803111085e+01 -5.752012750193311064e+01
2.864599773327549670e+01 -5.648761766871409407e+01
1.979871434128725127e+01 -5.327183144120323277e+01
1.766030188224472752e+01 -5.277630915919429810e+01
1.298872043303299861e+01 -5.219993834901421792e+01
9.765599544566120116e+00 -5.211589110512354495e+01
6.641703785414709849e+00 -5.204965785573106274e+01
3.585790407786529688e+00 -5.197322927881572951e+01
2.255803700587341032e-01 -5.179110418409570826e+01
2.214057625345945723e+01 -5.371432840535628372e+01
1.910004091852309926e+01 -5.207551612937595564e+01
-3.793233454279028649e+01 -5.384612724227191194e+01
-3.626675713571294324e+01 -5.358471610111030969e+01
-3.346690453848006541e+01 -5.282908126364962698e+01
-3.068986307389427637e+01 -5.220116099482604000e+01
-2.165653900657719078e+01 -5.046908498557670697e+01
-1.945606724538330567e+01 -5.029462321139535419e+01
-1.477079559963198285e+01 -5.039063927291171296e+01
-1.155457193770652680e+01 -5.073885955775769219e+01
-8.484353574712830692e+00 -5.107165486544172239e+01
-5.577411493164279754e+00 -5.136114666561592657e+01
-2.410028752013905873e+01 -5.051816327631605930e+01
-2.078149127420505948e+01 -4.938444651360538984e+01
-3.828822753010104663e+01 -5.165056145501328189e+01
-3.675001737532666368e+01 -5.113670111780541561e+01
-3.417128153492605946e+01 -5.053368937232190206e+01
-3.154400559011303073e+01 -4.981416445229334045e+01
-5.162176523214360202e+01 -1.346372050459437020e+01
-5.146759441692393722e+01 -1.195518605625585451e+01
-5.136921340378302148e+01 -8.965474614629423300e+00
-5.139167254155554332e+01 -5.810327635205646324e+00
-5.145966901954427897e+01 -2.785136093675096625e+00
-5.151002205901752262e+01 1.801408854246802083e-01
-5.146415514209468256e+01 3.594334881612466948e+00
-2.805573633262646283e+01 -4.965286686235414493e+01
-5.041437209827007138e+01 -1.289556011248352796e+01
-5.545027469487455107e+01 4.107493107675626476e+01
-5.507130978653520259e+01 3.943196544400021963e+01
-5.417911578355205648e+01 3.674834918805280637e+01
-5.339614001147030820e+01 3.403511394526445599e+01
-5.124356063296297492e+01 2.494204991344848565e+01
-5.096623853399736248e+01 2.276219435239492839e+01
-5.081568234124784311e+01 1.814630066007149267e+01
-5.100134096052318711e+01 1.492501549718792120e+01
-5.120156778699011113e+01 1.182921861595377244e+01
-5.138890720711979299e+01 8.926616953912876795e+00
-5.140379592916299600e+01 2.733884640327308091e+01
-5.011751316591266914e+01 2.412333472320190708e+01
-5.330234492886603448e+01 4.163353379135642029e+01
-5.267354490621484331e+01 4.013532860022130677e+01
-5.190937874285361175e+01 3.758965704740330693e+01
-5.105254724537464739e+01 3.496892398118117029e+01
-1.411011487692324096e+01 5.445249186981172329e+01
-1.260703489424618517e+01 5.429800463330426652e+01
-9.687163169097939175e+00 5.423144974195801638e+01
-6.543074655880015023e+00 5.425053758691290540e+01
-3.514046890009639768e+00 5.428144895158053629e+01
-5.472607309243536777e-01 5.426272938272745705e+01
-5.076320425496029998e+01 3.142202596736182940e+01
-1.354944433428514827e+01 5.324147138748224251e+01
-2.656046207892406863e-01 1.183170970417956269e+01
2.070839678945936235e+00 1.792319698829682650e+01
6.960801254689062745e+00 1.237665800762903601e+01
3.710864638794292292e-01 1.411137005661822208e+01
5.703864921964896695e+00 1.783141132061383516e+01
9.473989818324309864e-01 1.890426599927135598e+01
8.156992586664268075e+00 1.859240808799458833e+01
6.959681168172900279e+00 1.927265313462691410e+01
-7.035307344067408541e-01 2.031605317994911530e+01
1.484761738972157019e+01 2.538854135388949018e+01
1.390759831484633402e+01 2.679208567578736222e+01
3.575460153996753210e+00 1.800449636605457471e+01
1.611296340882227440e+01 2.724946761996837807e+01
1.513214269577870397e+01 2.823298575050458581e+01
1.731306478009805971e+01 2.932464327124127479e+01
1.614627261586326057e+01 3.018112266471101179e+01
1.840880804564990214e+01 3.202053790714719383e+01
1.672219017294185761e+01 3.263034855755346086e+01
1.945335589949098676e+01 3.410144332022559865e+01
1.778958484503435855e+01 3.485146959023077073e+01
1.644578302430548078e+01 3.623457283655262984e+01
1.166868104122339389e+01 -1.627460110506238733e+00
1.733033585752316341e+01 1.278790420429945396e+00
1.221238885696177867e+01 6.632335758202524190e+00
1.400679931337582573e+01 -9.353551554470159735e-01
1.860028396013816021e+01 3.398368803657817239e+00
1.876989692436824342e+01 6.586377946757816515e-01
2.058155353962776957e+01 2.125961855751617779e+00
2.053742814764998315e+01 4.744662445664077355e-01
2.843859075894300759e+01 1.479408857553313794e+01
2.949467444537051719e+01 1.364867585748037726e+01
1.701352020267097132e+01 2.945455742606749805e+00
3.040148856773609509e+01 1.539032790576390575e+01
3.113627885490299718e+01 1.436427886113999008e+01
3.261876491374692932e+01 1.566250715701689700e+01
3.326377781307289894e+01 1.457352126507175427e+01
3.540529251389872201e+01 1.561272031323647447e+01
3.540865709054490651e+01 1.415587820728803869e+01
3.773450705043291720e+01 1.588223375698212259e+01
3.779755544225129427e+01 1.438136165478805850e+01
3.863121475671458427e+01 1.278901043720577491e+01
1.267229266809058608e+01 -4.105498962060523560e+00
1.796919950956177559e+01 -2.016129721943353381e+00
7.290563725843391296e+00 -1.635010774164292258e+01
2.025828866479881540e+01 -1.167580556591715224e+00
2.801473015341334971e+01 -1.531196039385102381e+01
2.919430233452652601e+01 -1.429580030316038730e+01
1.712971641085075802e+01 -5.175122488233411255e-01
2.991368230170958142e+01 -1.609880708180871167e+01
3.074880634184234296e+01 -1.514666880145734673e+01
3.209913905023547898e+01 -1.656669327625436949e+01
3.284348630629463628e+01 -1.554442098569095521e+01
3.487046948554564096e+01 -1.676099814642304153e+01
3.500732936273320917e+01 -1.530801987119932051e+01
3.717562878025590578e+01 -1.722718718996580378e+01
3.734826377145923715e+01 -1.573439122242448107e+01
3.827955946521117170e+01 -1.420888843893026277e+01
-3.760886353391665882e-01 -8.654416817278399066e+00
1.381850134030453869e+00 -1.509745720000387337e+01
6.500016446406697845e+00 -9.914572962588289684e+00
-1.670050825103157055e-01 -1.122685411183160653e+01
4.948914362905336262e+00 -1.538836189904169771e+01
2.717751164971509703e-01 -1.607764379849187719e+01
6.050712339708346654e+00 -1.695388812275345813e+01
-1.359888370732547536e+00 -1.742699583585795509e+01
1.347991856173918102e+01 -2.442151638615792919e+01
1.244548597140249768e+01 -2.575783293453299905e+01
2.871149394319417958e+00 -1.524305282275519424e+01
1.458437727522664140e+01 -2.639177658189579390e+01
1.353533544681269163e+01 -2.730079904923396583e+01
1.562801378257645624e+01 -2.858107265710610534e+01
1.439245660992911624e+01 -2.933062123476369720e+01
1.651253182171536338e+01 -3.136004820673409199e+01
1.477030539282073995e+01 -3.179391171992217124e+01
1.736158273579927780e+01 -3.351744466156839763e+01
1.562528478112583485e+01 -3.409944795751920310e+01
1.412125623172494215e+01 -3.535373124388808463e+01
-3.757187055619615190e+00 -9.789572010398316593e+00
-2.717129948627190483e+00 -1.533512361391300516e+01
-4.857653926261396471e+00 -1.635984281948460506e+01
-3.305607005814665378e+00 -1.702636645088387723e+01
-1.188619092871230443e+01 -2.281094378363989605e+01
-1.096730734028734133e+01 -2.421827997300614044e+01
-5.316489600112371816e-01 -1.458829227667687611e+01
-1.319407635462976813e+01 -2.466157489363351019e+01
-1.220922476972495296e+01 -2.563896170778491879e+01
-1.442731275661935086e+01 -2.671094968078112331e+01
-1.326240164613206041e+01 -2.757624341914930000e+01
-1.553654091243742208e+01 -2.937767095505686399e+01
-1.385862616791287216e+01 -3.004636307738747547e+01
-1.661599829348573110e+01 -3.141961908348778820e+01
-1.495180434344563025e+01 -3.218379697496508385e+01
-1.361113824161865793e+01 -3.356708867991426359e+01
-8.463304686512117314e+00 -6.705188723732747880e-01
-1.395882687854252246e+01 2.552532784098987317e+00
-9.644141869962528091e+00 -3.131892740032281353e+00
-1.080429746571440930e+01 1.125491058391811239e-01
-1.490554952277179623e+01 -6.456266685708089703e-01
-1.544946028449125919e+01 2.075362035318381704e+00
-1.708207885586515573e+01 3.746836587371908389e-01
-1.722667221440878293e+01 2.027117009633340405e+00
-2.566889286189852726e+01 -1.237802702210728434e+01
-2.673190409180621074e+01 -1.123608131705811353e+01
-1.390226973289330203e+01 7.451249894601096324e-01
-2.764252667211156123e+01 -1.295820106120741677e+01
-2.837232832418113304e+01 -1.192712487021108281e+01
-2.986301653267173251e+01 -1.319858925062154142e+01
-3.049963528402880897e+01 -1.210684376165100673e+01
-3.263312406419231593e+01 -1.310916951213535597e+01
-3.262391508963343512e+01 -1.164957237447029392e+01
-3.496995615225520737e+01 -1.333170109743861076e+01
-3.499035866731299649e+01 -1.182438090669590203e+01
-3.576382440554762354e+01 -1.020686688398216013e+01
-8.577213945584011512e+00 7.524068853796149092e+00
-1.507937628803926344e+01 4.810137827932871701e+00
-4.237681902289498481e+00 1.949385184271389804e+01
-1.714397739077965710e+01 3.678232381422239072e+00
-2.360430575308755863e+01 1.643711623239396857e+01
-2.478855126423822242e+01 1.533665987457753133e+01
-1.354371070475396799e+01 4.190524855449891284e+00
-2.533648453339207407e+01 1.760689655689960276e+01
-2.615786063720679877e+01 1.652827672012373483e+01
-2.723380055040666647e+01 1.870051503538871529e+01
-2.807062266570420661e+01 1.751981040754580121e+01
-2.986373711342319481e+01 1.969517067325971382e+01
-3.048046272535423284e+01 1.800604158004666289e+01
-3.190949101765221485e+01 2.071034820278022792e+01
-3.264086734842975090e+01 1.901736128896900624e+01
-3.399032725478048178e+01 1.760812308695883388e+01
-3.179098918322563971e+00 1.278103084688155455e+01
-2.080677055249849694e+00 1.833957380572432427e+01
-2.657161073740301749e+00 2.004761548043005348e+01
-1.170890516563923356e+01 2.744282217926588530e+01
-1.092958353042022068e+01 2.886415623207212278e+01
1.052248355804580454e-01 1.746713430032353287e+01
-1.263255992859562582e+01 2.956202443048234940e+01
-1.176323820445583657e+01 3.054037005158293283e+01
-1.314325657361391286e+01 3.196142472388322275e+01
-1.212149286863851216e+01 3.274067497659590487e+01
-1.330287235840060056e+01 3.489789540427251779e+01
-1.184393613179624793e+01 3.491983198422867218e+01
-1.365732996101549723e+01 3.726684663951418486e+01
-1.216054059428073231e+01 3.739218651353955636e+01
-1.058836445348403643e+01 3.831109256958405496e+01
3.357434924782539021e+00 1.878302323467837986e+00
8.967599103733964183e-01 9.853128129444399974e+00
1.936236719207718560e+00 7.381629639515109531e+00
2.253900613645372975e+00 5.297108962557792289e+00
5.134108200694384117e+00 1.148947131363021867e+01
4.627832314210804654e+00 8.872023958631107377e+00
2.064295692856712883e+00 1.268702784941757322e+01
2.747100349513917017e+00 1.039646923128705858e+01
5.915974525533033379e+00 1.488200832387817840e+01
1.974634617140253123e+00 1.603117075785264589e+01
9.991185427337722302e+00 5.969921729142747130e-02
7.816480357560828374e+00 1.496137448405040482e+00
5.709283827407650946e+00 1.864236026762394527e+00
1.188182340797711944e+01 4.334036989995547984e+00
9.482361151807285893e+00 3.979109085087392916e+00
1.271529469247338895e+01 8.597859019692980498e-01
1.077032810165372112e+01 1.944508290731887579e+00
1.488605329725933224e+01 4.992462420087205643e+00
1.552535318605304404e+01 1.187403769671217857e+00
1.076527307606257899e+01 -3.655409898759323095e+00
8.560370341669791827e+00 -1.680078884692153496e+00
1.514057357433567397e+01 -3.394933980920633587e+00
8.154773663407307582e-01 -6.607969566972625053e+00
2.321504371093937813e+00 -4.375896968801517239e+00
2.892553928190200629e+00 -1.908999872777080498e+00
4.774802848423666646e+00 -8.900325902994584482e+00
4.432478010669067992e+00 -6.315619761185215175e+00
1.654056367031683905e+00 -9.987808562812579893e+00
2.492895385595925717e+00 -7.835242349800442874e+00
5.329886917314759387e+00 -1.242228115037054437e+01
1.371604849245337210e+00 -1.320655321470662003e+01
-2.576252266652474088e+00 -8.428837523504922657e+00
-1.614424489771335791e+00 -6.173199823023931998e+00
-3.018581419964642354e+00 -1.238203645060115754e+01
-6.596919085120440229e+00 9.111587657001958274e-01
-4.247402268698976968e+00 1.990025951541307903e+00
-2.130850866228316320e+00 2.409624851861043471e+00
-7.737867609330878693e+00 -2.728576010497810955e+00
-5.538607772371733518e+00 -9.509724085598172394e-01
-9.391778240601016847e+00 1.813717879134192579e+00
-7.413771832705263520e+00 2.768986143529540644e+00
-1.211960120165707799e+01 -2.278553439110021284e+00
-1.217173776040003652e+01 2.336016798394927374e+00
-8.319256910633892943e+00 5.286442080623779738e+00
-5.950068761593905187e+00 4.616629116335480454e+00
-1.136727320538182795e+01 6.145520108473871090e+00
-2.311188897747580295e+00 1.109188803135982582e+01
-9.900747876525076707e-01 8.454652933739348342e+00
-2.577058642408705413e+00 1.540510805537471839e+01
