4.967141530112327005e-05 -1.382643011711846705e-05
6.476885381006925000e-05 1.523029856408025296e-04
-2.341533747233359849e-05 -2.341369569491805647e-05
1.579212815507391519e-04 7.674347291529087854e-05
-4.694743859349521123e-05 5.425600435859646809e-05
-4.634176928124623051e-05 -4.657297535702568941e-05
2.419622715660341307e-05 -1.913280244657797932e-04
-1.724917832513032923e-04 -5.622875292409727343e-05
-1.012831120334423910e-04 3.142473325952738607e-05
-9.080240755212109539e-05 -1.412303701335291606e-04
1.465648768921554200e-04 -2.257763004865356659e-05
6.752820468792384166e-06 -1.424748186213456967e-04
-5.443827245251826538e-05 1.109225897098660927e-05
-1.150993577422302792e-04 3.756980183456720072e-05
-6.006386899188049925e-05 -2.916937497932768037e-05
-6.017066122293969824e-05 1.852278184508937759e-04
-1.349722473793392114e-06 -1.057710928955900385e-04
8.225449121031890964e-05 -1.220843649971022364e-04
2.088635950047554090e-05 -1.959670123879775686e-04
-1.328186048898430632e-04 1.968612358691235198e-05
7.384665799954104098e-05 1.713682811899705150e-05
-1.156482823882405289e-05 -3.011036955892888053e-05
-1.478521990367427554e-04 -7.198442083947086362e-05
-4.606387709597875503e-05 1.057122226218915772e-04
3.436182895684614422e-05 -1.763040155362733969e-04
3.240839693947950072e-05 -3.850822804163165746e-05
-6.769220003059587577e-05 6.116762888408679340e-05
1.030999522495951046e-04 9.312801191161986360e-05
-8.392175232226385131e-05 -3.092123758512146193e-05
3.312634314035639436e-05 9.755451271223592954e-05
-4.791742378452899619e-05 -1.856589766638171390e-05
-1.106334974006028252e-04 -1.196206624080670881e-04
8.125258223941980468e-05 1.356240028570822884e-04
-7.201012158033385399e-06 1.003532897892024200e-04
3.616360250476341920e-05 -6.451197546051243325e-05
3.613956055084139489e-05 1.538036566465969242e-04
-3.582603910995153818e-06 1.564643655814006401e-04
-2.619745104089744674e-04 8.219025043752238840e-05
8.704706823817122242e-06 -2.990073504658674665e-05
9.176077653550229478e-06 -1.987568914600892792e-04
-2.196718878375119287e-05 3.571125715117464620e-05
1.477894044741516043e-04 -5.182702182736474169e-05
-8.084936028931876296e-05 -5.017570435845365609e-05
9.154021177020741631e-05 3.287511096596844876e-05
-5.297602037670388019e-05 5.132674331133561509e-05
9.707754934804039079e-06 9.686449905328892770e-05
-7.020530938773523522e-05 -3.276621465977682209e-05
-3.921081531321576370e-05 -1.463514948132118567e-04
2.961202770645760522e-05 2.610552721798893312e-05
5.113456642460890418e-07 -2.345871333751469275e-05
-1.415370742050414275e-04 -4.206453227653590585e-05
-3.427145165267695293e-05 -8.022772692216189867e-05
-1.612857116660091551e-05 4.040508568145383822e-05
1.886185901210530322e-04 1.745778128318389586e-05
2.575503907227643700e-05 -7.444591576616721922e-06
-1.918771215299041612e-04 -2.651387544921687743e-06
6.023020994102643773e-06 2.463242112485286204e-04
-1.923609647811225270e-05 3.015473423336124714e-05
-3.471176970524331187e-06 -1.168678037619532117e-04
1.142822814515020660e-04 7.519330326867741980e-05
7.910319470430469935e-05 -9.093874547947390316e-05
1.402794310936099364e-04 -1.401851062792280943e-04
5.868570938002703487e-05 2.190455625809978606e-04
-9.905363251306883272e-05 -5.662977296027719455e-05
9.965136508764123219e-06 -5.034756541161992618e-05
-1.550663431066132798e-04 6.856297480602732626e-06
-1.062303713726104974e-04 4.735924306351816363e-05
-9.194242342338032365e-05 1.549934405017539408e-04
-7.832532923362371441e-05 -3.220615162056755814e-05
8.135172173696698548e-05 -1.230864316433955398e-04
2.274599346041294379e-05 1.307142754282428036e-04
-1.607483234561227529e-04 1.846338585323042212e-05
2.598827942484235369e-05 7.818228717773103578e-05
-1.236950710878081938e-04 -1.320456613084276289e-04
5.219415656168976882e-05 2.969846732331860855e-05
2.504928503458765511e-05 3.464482094969756760e-05
-6.800247215784909079e-05 2.322536971610035758e-05
2.930724732986812620e-05 -7.143514180263678122e-05
1.865774511144756623e-04 4.738329209117875550e-05
-1.191303497202648656e-04 6.565536086338297911e-05
-9.746816702273214785e-05 7.870846037424520162e-05
1.158595579007404064e-04 -8.206823183517105672e-05
9.633761292443219235e-05 4.127809269364983441e-05
8.220601599944900415e-05 1.896792982653947479e-04
-2.453881160028705200e-05 -7.537361643574896084e-05
-8.895144296255233572e-05 -8.158102849654383284e-05
-7.710170941410421171e-06 3.411519748166439103e-05
2.766907993300190738e-05 8.271832490360238430e-05
1.300189187790701987e-06 1.453534077157317026e-04
-2.646568332379560989e-05 2.720169166589618765e-04
6.256673477650062708e-05 -8.571575564162826433e-05
-1.070892498061112391e-04 4.824724152431853071e-05
-2.234627853258509085e-05 7.140004940920920097e-05
4.732376245735448969e-05 -7.282891265687277608e-06
-8.467937180684050383e-05 -1.514847224685864633e-04
-4.465149520670211146e-05 8.563987943234724169e-05
2.140937441302039802e-05 -1.245738778711988045e-04
1.731809258511820084e-05 3.853173797288368321e-05
-8.838574362011330935e-05 1.537251059455279137e-05
5.820871844599990251e-06 -1.142970297830623217e-04
3.577873603482832984e-05 5.607845263682344298e-05
1.083051243175277084e-04 1.053802052034903057e-04
-1.377669367957091160e-04 -9.378250399151227888e-05
5.150352672086597715e-05 5.137859509122088392e-05
5.150476863060479525e-05 3.852731490654721469e-04
5.708905106931669857e-05 1.135565640180598990e-04
9.540017634932023924e-05 6.513912513057980823e-05
-3.152692446403456263e-05 7.589692204932674876e-05
-7.728252145375717774e-05 -2.368186067400088903e-05
-4.853635478291035003e-05 8.187413938632255152e-06
2.314658566673508881e-04 -1.867265192591748165e-04
6.862601903745134684e-05 -1.612715871189651748e-04
-4.719318657894334919e-05 1.088950596967366152e-04
6.428001909546277121e-06 -1.077744777929306151e-04
-7.153037092599682806e-05 6.795977489346759323e-05
-7.303666317171366698e-05 2.164585895819748755e-05
4.557183990381378189e-06 -6.516003476058170778e-05
2.143944089325325786e-04 6.339190223180112764e-05
-2.025142586657607325e-04 1.864543147694276595e-05
-6.617864647683880644e-05 8.524333347962239900e-05
-7.925207384327007370e-05 -1.147364414668990112e-05
5.049872789804571525e-05 8.657551941701215851e-05
-1.200296407055776349e-04 -3.345012358409484157e-05
-4.749453111609561868e-05 -6.533292325737119358e-05
1.765454240281097008e-04 4.049817109609555444e-05
-1.260883954335045203e-04 9.178619470547761674e-05
2.122156197012633409e-04 1.032465260551146917e-04
-1.519369965954013406e-04 -4.842340728662514161e-05
1.266911149186622705e-04 -7.076694656187807993e-05
4.438194281462284863e-05 7.746340534293368388e-05
-9.269304715780829972e-05 -5.952535606180008013e-06
-3.241267340069072769e-04 -1.024387641334289877e-04
-2.525681513931603151e-05 -1.247783181964849523e-04
1.632411303931635292e-04 -1.430141377960632797e-04
-4.400444866969837980e-05 1.307405772860913514e-05
1.441273289066115522e-04 -1.435862151179439561e-04
1.163163752154959643e-04 1.023306101958704938e-06
-9.815086510479509242e-05 4.621034742632708033e-05
1.990596955734700237e-05 -6.002168771587946964e-05
6.980208499001891545e-06 -3.853135968617601997e-05
1.135173452512480424e-05 6.621306745210467695e-05
1.586016816145352081e-04 -1.237815498826849042e-04
2.133033374656266785e-04 -1.952087799522502106e-04
-1.517850950355833265e-05 5.883172064845765601e-05
2.809918677350326592e-05 -6.226995198205938188e-05
-2.081222503572752321e-05 -4.930009346588328629e-05
-5.893647569442115653e-05 8.496020970210247064e-05
3.570154859650473335e-05 -6.929095952606542338e-05
8.995998754332507974e-05 3.072995208766093818e-05
8.128621188389601544e-05 6.296288419236122579e-05
-8.289950109220723155e-05 -5.601810401969696090e-05
7.472936051232619123e-05 6.103702654334649202e-05
-2.090159396414813213e-06 1.173273833087820063e-05
1.277664895788424961e-04 -5.915713888358299535e-05
5.470973811700379803e-05 -2.021926524338940723e-05
-2.176812032272203019e-05 1.098776851987190174e-04
8.254163489880298669e-05 8.135096360006386219e-05
1.305478807154329104e-04 2.100384163275904974e-06
6.819529712949638843e-05 -3.102667565934560858e-05
3.241663524884421207e-05 -1.301430543676845866e-05
9.699596499271819186e-06 5.951570254369136236e-05
-8.182206832334725476e-05 2.092387275685460377e-04
-1.006017381499702055e-04 -1.214188612787732175e-04
1.158110873500067914e-04 7.916626939629359684e-05
6.241198170521551462e-05 6.283455092642798779e-05
-1.224677284691462297e-06 -8.972543714858315967e-05
7.580455819372633960e-06 -6.771617115121117783e-05
9.751197334177512128e-05 -1.470573815021386585e-05
-8.254971967925115546e-05 -3.213858416529934749e-05
4.129314542756243409e-05 -5.637245528039747680e-05
-8.222203955664314425e-05 2.436872114919123007e-05
2.449665711087227715e-05 -5.069431753711297695e-05
-4.710383056183228162e-05 2.320499373576362942e-05
-1.448084341497324270e-04 -1.407463774376555357e-04
-7.184442212524359904e-05 -2.134471517118472522e-05
3.109075655980045988e-05 1.475356216949552169e-04
8.576596232020194856e-05 -1.599385299634271254e-05
-1.901620790268883156e-06 -1.002529364637808849e-04
-1.851313599238993156e-06 -2.886586389201383198e-05
3.227185603380895224e-05 -8.272309435523230044e-05
5.193465142411723203e-05 1.532738913002577689e-04
-1.087601484568576051e-05 4.017117220989415035e-05
6.901439917111125855e-05 -4.012204718858362711e-05
2.240924818104167812e-05 1.259240078179486133e-06
9.767609854883173135e-06 -7.730097838554664681e-05
2.451017425894271462e-06 4.979982912454497659e-05
1.451143607795041788e-04 9.592708260852069629e-05
2.153182457511556322e-04 -7.673475628880495228e-05
8.723206367206781588e-05 1.833420057383517365e-05
2.189802933217672326e-04 -8.082982853551514736e-05
-8.397218421807761592e-05 -5.993926454440221598e-05
-2.123895724309807112e-04 -5.257550216807610786e-05
-7.591326615536980076e-05 1.503937864762076302e-05
3.417559757771594550e-05 1.876170839215886212e-04
9.504238381860503427e-05 -5.769036556624030894e-05
-8.984146713483580034e-05 4.919191715065057517e-05
-1.320233207020642357e-04 1.831458765854353785e-04
1.179440120721287049e-04 -4.691756521047047953e-05
-1.713134529090877610e-04 1.353872374165412842e-04
-1.145398452526178869e-05 1.237816311973461802e-04
-1.594427658794367298e-04 -5.993750229537728749e-05
5.243699718183166547e-07 4.698059376474205449e-06
-4.500654714792436893e-05 6.228499323474987381e-05
-1.067620429382594395e-04 -1.423794850212935003e-05
1.202956317118988648e-05 5.144388340587490241e-05
7.116148780888897744e-05 -1.124642091837869230e-04
-1.534114170735622360e-04 1.277676821898508991e-04
3.323140119795916657e-05 -7.484865365565535847e-05
1.551151975522523021e-04 1.156746342928586685e-05
1.179297184063826431e-04 6.751848141010895728e-06
2.060747924881987274e-04 1.755340842443204534e-04
-2.489641484790735223e-05 9.715709509543554593e-05
6.453759495851475541e-05 1.368631557532348612e-04
-9.649234605801045093e-05 6.860514599984393993e-05
1.058424486849587827e-04 -1.758739486423114347e-04
-1.183258512665775087e-04 -2.039232177760100673e-04
-2.694068344445577648e-05 7.175422557959623964e-05
1.502357052096028184e-04 7.409478041977518611e-06
1.628615545571291789e-04 -1.380101458214891491e-04
-1.703382439355154718e-04 -5.554769889661878418e-06
3.840654489393072820e-05 -3.269474809409311084e-06
-2.067442100039876675e-04 -8.912003951278840713e-06
-1.304469500504853215e-04 6.696725488300384716e-05
3.665982460968483195e-05 -9.398797863273552437e-05
-5.138669173366935343e-05 -1.059213521888951581e-04
-6.267909727317188405e-06 9.551423205012383392e-05
-9.857260463355438287e-05 5.040465155178444281e-05
-5.302576183724408198e-05 -7.928728322623441863e-05
-1.070303599545578258e-05 -1.035242322419374124e-04
-5.536493053471820935e-05 -1.197877892588848479e-04
1.964725132916389277e-04 3.526355197172861452e-06
-6.997255079925856591e-05 2.139799107342220109e-05
-1.123280496908298294e-05 -2.209695995332230052e-05
6.141667000434253016e-05 7.575077100473051692e-05
-5.305011476105274745e-05 -5.758182406446800676e-05
-2.750516971516440236e-05 -2.301921164735584941e-04
-1.515191062198552286e-04 1.366874267444524661e-04
1.644967713501283881e-04 -2.490360395563783269e-05
5.765569630557664281e-05 3.112501545435361475e-05
3.078880808455237744e-04 1.119574911434576762e-04
-1.279175914807665448e-05 -9.555404406004257484e-05
-1.606446320257572666e-04 2.034636358672231197e-05
-7.563507452843033275e-05 -1.422253709597674353e-04
-6.465728842425266278e-05 -1.081548003614394990e-04
1.687141635072564923e-04 8.816397569494506092e-05
-7.972641316617372738e-07 1.479944138890025855e-04
7.736830764761830307e-06 -8.612842013282636874e-05
1.523124077269657302e-04 5.389100436846587164e-05
-1.037246154326456395e-04 -1.903386780836081836e-05
-8.756182533847572860e-05 -1.382799730964336137e-04
9.261775475316413972e-05 1.909416640470130695e-04
-1.398567573819141266e-04 5.629692366905709073e-05
-6.506425691218270264e-05 -4.871253837646960966e-05
-5.923939242388691719e-05 -8.639907696798160026e-05
4.852162794482699755e-06 -8.309501164110378777e-05
2.704568257798388372e-05 -5.023810944913695255e-06
-2.389480468664097499e-05 -9.075636620415979323e-05
-5.767713305683327550e-05 7.553912258257561036e-05
5.009171876243807554e-05 -9.775552447985511007e-05
9.933230542922588362e-06 7.513871233717890564e-05
-1.669405281121371894e-04 5.433601923799350500e-05
-6.626237589458467488e-05 5.705986685931593394e-05
-7.632591565425169236e-05 -1.804882100664519150e-04
-1.627542437883162832e-04 4.808494666138199909e-06
2.597225017214818969e-05 -9.043166251044086449e-05
6.385924587773740015e-05 -1.661520062268959834e-04
-6.607979864731657635e-06 -1.211016199762456665e-04
-6.518361078021591652e-05 4.739867131641401743e-06
-8.604133652839525035e-05 -3.845555442298253699e-05
1.006292809214440540e-04 -5.768918695231487853e-05
8.356921120651419096e-05 -1.129706854657618130e-04
5.298041779152827920e-05 1.441568620657900568e-04
-2.471644500127289246e-04 -7.968952554704768242e-05
5.770721271805400186e-05 -2.030453860429927031e-05
3.711458733713088657e-05 -6.039851867158206323e-05
8.658978747289992428e-06 -1.556772353920794996e-05
1.167782061659807435e-04 2.544208433012131419e-05
3.376026620752022229e-05 -4.118769661224673854e-05
-4.876062240724935717e-05 -4.325581878196209005e-05
3.944521423782968529e-05 -4.209844808202629923e-05
2.897748568964129376e-05 2.075400798645438876e-04
8.711247034316924010e-05 -3.260235321678411311e-05
1.201213922163944916e-04 -4.080753730215513767e-05
-2.038124535177853846e-04 -1.008086310917404179e-04
-1.870791921025855638e-04 -3.515134840413086561e-05
1.841837918955170043e-06 1.676437312275282695e-04
3.269273737641626549e-05 -2.191005288088642574e-05
8.294055811834891568e-05 -2.211135309007885230e-04
2.356145581085659517e-05 7.708651938869668383e-05
-1.478586245779841732e-04 1.143754043206929083e-04
3.384964074944141405e-05 -4.152879139008012918e-05
6.327818661062849291e-05 2.270692857804396136e-04
1.818662550584951746e-05 2.482205863003360854e-05
-4.593608995402441518e-05 -8.498443694647918670e-05
8.303358165442456550e-05 -8.560838259088673072e-05
7.156623721939247076e-06 -4.776574467651167205e-05
4.789798257463919140e-05 3.336621052869483134e-05
1.037539944257899303e-04 -5.100163988547470721e-05
-2.698749352933712598e-05 -9.787637157823074561e-05
-4.442932600761116305e-05 3.773004930448522424e-05
7.569886166453519379e-05 -9.221653241776254627e-05
8.696059201056602480e-05 1.355637858804950959e-04
4.134349032237008824e-05 1.876795812558065921e-04
-7.737891991035731069e-05 -1.244654703311417175e-04
-1.778720248904278609e-04 1.496044311489183110e-04
6.543656563540578423e-05 -5.558467091045507234e-06
2.799686263198202803e-05 -1.125489047298376585e-04
2.445751979616826591e-04 1.292211819752275079e-05
1.093947946048928907e-05 7.257666238986919629e-05
4.810092317367132761e-05 2.238840242791313988e-05
-7.904744554453119112e-05 4.714683571359957234e-05
1.882024496475033656e-04 1.345420046154977630e-04
1.593186626639397072e-04 -5.112156764311851843e-05
-9.896048202585808597e-05 -1.257869200996481592e-05
5.572491228869461062e-06 1.094191518470948520e-04
-1.692464629714819375e-04 1.529550319460613850e-04
-1.580078985789894286e-05 -4.268810699474200699e-05
-1.012104375260167611e-04 -1.654856671865769467e-04
8.231705839619146529e-05 7.331796718840388821e-06
-1.289960899741054057e-04 -1.295078772063616181e-04
-3.357846992901282674e-05 1.669021525289393171e-04
-2.595913513636047919e-05 -1.503142953118106204e-04
-2.457430640859443235e-05 -2.727235697476705013e-05
-2.696886642941571954e-04 -5.429486651781221270e-06
-2.309345302086779827e-05 6.962063648134183473e-05
1.848956094945345384e-04 1.126565029547757415e-04
-2.688886905548305806e-05 -1.106525908741670422e-04
2.573359803249860396e-04 5.921843401448825807e-06
1.392929191294620449e-06 -2.412508711000327938e-06
1.980847607678549451e-05 -1.443604119239424796e-05
-5.736620068802363275e-05 -5.468589412403921469e-05
-3.275327021599838962e-06 -5.434247711337649903e-05
-7.128457826771644355e-05 1.064302276918968404e-05
-2.549772174208553014e-05 1.503992988582688694e-04
-2.650969808393012018e-04 1.091506851922461864e-04
1.246085192497629077e-04 -2.073390232408149679e-04
-3.426875940803488055e-05 -3.714408659957914695e-05
-1.407511694717821426e-04 -7.778166875908752904e-05
-1.110575845465828815e-04 1.752270443423622689e-04
9.356783931474611554e-05 1.271555094994158812e-04
7.216720640432351230e-05 -1.129051771217229322e-04
-5.245202662797736885e-05 4.893745612279180824e-05
-1.222127808891945494e-04 7.129984301723880328e-05
-2.403253981581350568e-05 -3.748208075495975110e-05
7.109599682034914686e-05 4.442633114860397863e-05
-3.609661658190799563e-05 1.159329803364248185e-04
-1.081063327599897405e-04 6.159356069442637187e-05
5.931012579683837951e-05 -3.095464393139902903e-05
3.261330222421180352e-05 -1.251113576385302971e-04
9.240270192069011059e-05 -1.849021364429890475e-05
-5.227230205190395274e-05 1.049009225836889308e-04
-7.043436905427593285e-05 -1.408461296363559844e-04
-1.556629173523903817e-04 6.060099513456396810e-05
-1.280429352496283168e-04 1.754794181984364702e-04
-2.081929407883722019e-04 1.696456368290038164e-04
2.110174672026184328e-05 -9.671311187039238882e-06
-5.449190868089497770e-05 3.991361143520708710e-05
-3.763470242484836465e-06 1.103301882016521478e-04
1.142276486620396591e-05 1.503017614618776113e-05
-3.636122122138559046e-05 -5.694562372106745588e-06
3.078017688920591964e-05 -1.710168392656625722e-04
-1.348185422105713184e-04 7.432640940227150329e-05
1.708654381279418562e-05 -1.839833363526791380e-05
1.843393306539316114e-06 3.475817053616710541e-05
-5.397596803093615591e-05 -7.783047254023127426e-05
1.958452550976815508e-05 -9.783727776150321568e-05
4.082527557144718835e-05 -1.702583604237840344e-04
1.029155637325643725e-04 4.725974824130429997e-05
2.560297343138756606e-05 9.826909839455139452e-05
1.665474444462576727e-04 1.014370065018130426e-04
-1.840874231331645348e-04 -1.279576966735701733e-04
-6.248185776956788578e-05 2.609105021083378574e-06
5.176590204691230719e-05 -7.257438131534656709e-05
1.867667644770783415e-05 -7.553829323533226383e-05
-6.115178029919483046e-05 -1.406661096848222444e-04
-9.232332461109043901e-05 -1.351684605616333636e-04
-9.758732529773327525e-05 1.053641796607839606e-04
-9.493988888319431114e-05 2.632382064837390724e-04
4.933179008808892627e-05 1.848361236948738935e-05
-8.583577801812135733e-05 7.003098794089913806e-05
-5.756378262377739364e-05 1.220098146453614501e-05
2.560084538268794568e-04 -9.605989972464986845e-06
1.149273326285675859e-04 -7.031764251258874464e-05
-3.498849049696169826e-06 1.770800635635509939e-04
-6.269670577877674126e-05 1.812448557996928860e-04
7.077519354554754857e-05 -5.624667758942676361e-05
6.324077390555209427e-05 9.725544496267299311e-05
6.218099622171965142e-05 -1.570224719890456547e-04
-7.271371758248685951e-05 -2.475186355515047727e-05
-7.443342910004628579e-06 6.206720975506780757e-05
1.777010009332538319e-05 -1.335344358710101418e-04
3.801978510059632002e-05 6.105857452838231773e-05
5.597904479310398672e-05 1.080780725554621852e-04
8.339221545489040996e-05 4.591800792284367230e-05
-7.016571145864703452e-06 -1.660960933515991458e-04
4.296182191325858754e-05 2.076876871631111405e-05
2.715788371953734793e-05 -1.276748575820309533e-04
-1.081056540408262409e-04 1.053152853332903649e-04
-3.955515385665504344e-06 6.815006973726244952e-05
2.831837613046117240e-06 2.975613949574519187e-06
9.382838059759977898e-05 -5.160447282173739289e-05
9.612077694098337588e-06 -4.622752887050425130e-05
-4.344962274323155836e-05 -3.091721234686393792e-05
2.221337716337128340e-05 -4.787486216634773058e-05
1.255756125573520945e-04 -8.946073022195039884e-05
-1.868716441613590398e-05 -4.397310582741749500e-05
1.446977884353733046e-04 1.965547765115746473e-05
1.031844539468634907e-04 -1.485560373036972053e-04
2.670502658692588388e-05 8.896307956234371470e-05
8.228398927542419453e-06 1.065480375065351197e-04
-5.172884501003722005e-05 1.409347440185580020e-04
2.298898123619250373e-04 -3.628385604396590884e-05
-4.455025214007718058e-05 1.453384477117700927e-04
1.579572145730712444e-04 -5.228600271532683134e-05
-4.201868170958573023e-05 -2.817846088605072230e-05
-1.344450511034277142e-04 -9.186519464841982105e-05
-1.004140766752067971e-04 -7.677975651041284437e-05
-3.468488738678118411e-06 2.342147325365207517e-05
1.550500492814077048e-04 -9.983540407387910193e-05
9.843223984765838547e-05 -2.139888442255089566e-05
-4.946370965243295187e-06 6.748194921666037817e-05
-1.122722021562298647e-04 3.824097461840506420e-05
1.664522082130561153e-05 4.924512640081491149e-05
2.891686439078181042e-05 2.455300139910894172e-04
-6.377399842513159348e-05 -5.309969550018176670e-05
-6.231405264247643760e-05 -5.554771191602546831e-05
-6.373871273065177866e-05 1.189016531107551806e-04
1.420504247989854947e-04 -5.707462937494762816e-05
-8.323555731042287962e-05 4.714155563864041244e-05
-5.522230442809712524e-05 6.329318177555107834e-05
2.029230208512997332e-05 -1.515744114997232082e-04
1.547505201330061581e-04 1.795877673095521733e-04
-6.127886904843863171e-05 -3.877015599359841963e-05
2.858653907249049739e-05 3.344567899870250124e-05
6.585442726728304704e-05 2.010204538766349758e-04
-1.769472274940494147e-05 -7.982972445384538078e-05
-1.379319228014527288e-04 -7.309300399419191264e-05
-3.312697287379709693e-06 1.794557863517787721e-04
-5.176112990361714776e-05 2.237879516388984990e-05
-1.642289607275207597e-06 1.188393273448084099e-04
2.526932425873621595e-04 -5.308687729203206962e-05
-4.894394425182221534e-05 1.044160877069072051e-04
6.818914896263115078e-05 1.846707325736033744e-04
5.839281853259639091e-05 -3.592920907870595531e-05
5.906548306923092915e-05 1.108703580582907813e-04
8.204821811973640885e-05 5.072740311072977768e-05
1.066674689589153886e-04 1.169295590445672761e-04
1.382158991037527301e-04 6.487098875896426522e-05
-1.671180803168543583e-05 1.467136864333228310e-05
1.206508966508356844e-04 -8.169356709872361753e-05
3.686733088729011993e-05 -3.933388123273607261e-05
2.874482293481748931e-06 1.278451862607298689e-04
1.910990680199033503e-05 4.643654815614880907e-06
-1.359856140979919198e-04 7.462535660272208069e-05
6.454841811410755162e-05 2.163254723305460265e-04
-3.077782349530008144e-05 2.191503276639389646e-05
2.493836837107552622e-05 1.577453279763474576e-04
-9.529553238695210110e-06 2.790215257703392503e-05
6.078965097165392489e-05 1.866091231563581196e-05
-4.464336145505283179e-05 1.940899928983075835e-05
1.073631749859772143e-04 -1.026515299411060296e-04
1.329696741468759983e-05 -7.001208149391732033e-05
1.195046628924842580e-04 -1.523186904783774916e-04
-5.589218472715883491e-05 3.772118750645209027e-05
1.565524029234340530e-04 -6.575026107298780378e-06
-5.551995266931984355e-05 1.881157069440590214e-04
-1.448013900416244171e-04 -2.198805956620082051e-04
4.400144500533324299e-05 -5.020542243526111972e-05
-1.021232817130713255e-04 7.083564472993534190e-05
2.438007137711988267e-05 -5.640786307367283653e-05
-1.280304398670894541e-04 8.724573282801446710e-05
6.502011779586610359e-05 -9.917586377938291168e-06
1.846636996047665920e-04 -1.070084766326152555e-04
-1.525525170924739004e-04 -6.919080698812444304e-05
-4.558601635549781099e-06 2.433394493226918284e-05
-2.412360578563298673e-05 3.520553965142968227e-05
-1.251539424190444135e-04 1.443764604073259400e-04
-8.215117839256880040e-06 1.117295831588127706e-04
3.427253463777041570e-05 4.567532191537839289e-05
5.697672802322039461e-05 4.477085600173149953e-05
6.427227598675438905e-05 1.329152530132431391e-04
1.965211697014701252e-05 7.090037575885122835e-05
-8.973569428722671994e-06 1.440117215449472860e-04
-6.763923020592697388e-05 1.800940432910815763e-04
-4.015795064434341173e-06 -1.430775102118048245e-04
1.281044149107892912e-05 -6.810516574748808082e-05
8.406435489887241583e-05 -6.526239793023909321e-05
-4.461834332147797573e-05 -1.889540730945531090e-04
-4.523063192490767078e-05 -2.423879326628956669e-04
-1.583902823485723447e-04 7.604146561442974247e-05
7.858001586508322361e-05 4.254575617849647417e-05
-9.669761431292130506e-05 -4.771135614197986074e-06
-3.602539090568404687e-07 -1.158364689192542768e-04
1.503398301767150630e-04 8.773622905756714549e-05
-2.209641738296639477e-05 2.688583899453078043e-06
2.083828079475524806e-05 -2.041734868424290668e-04
-2.471773825205969460e-05 -6.819842479977985205e-05
-1.001620009894915503e-04 -2.811002928859549185e-05
1.797686526849522721e-04 6.408428612670099146e-05
-5.711789897827968459e-05 5.725827813561586355e-05
1.399355436586002290e-04 9.246336829127688238e-05
5.963036992017413150e-06 -6.469367777055739588e-05
6.982233136135898902e-05 3.934853854217496282e-05
8.951932200277323544e-05 6.351718016819695280e-05
1.049552715319335215e-04 -5.352352115605680220e-05
1.317394065634325717e-04 1.975996046923996717e-05
2.075260872625265553e-04 -6.891878180895678635e-05
1.735963803165249458e-04 1.979107834626477925e-05
-6.514180036144483568e-05 -4.838858340543215723e-05
-3.203473081943202172e-05 4.241659464019164184e-05
5.228354880354996176e-05 -5.737000039385790087e-05
-2.435459226098284115e-06 2.142270358611863830e-04
1.727543170100711407e-04 4.363236696740320649e-05
3.800347816820028774e-06 1.200313267182613150e-05
6.135179727304166969e-05 -1.022792565198405671e-04
-2.573765374233451215e-05 -1.668584073877589513e-04
3.992231226052792915e-05 6.471959397027410353e-05
-4.831864622993740124e-05 1.573986763290032996e-04
-1.225765663002341367e-04 -1.464374880209820182e-04
2.244518185599720658e-05 1.047098302612154542e-04
1.683927691457868657e-04 -4.588842628689400682e-05
1.078680833431295622e-04 -3.850846950070721212e-06
-1.726272999408196238e-05 8.836599374866724299e-05
6.523228784134196324e-05 -1.576392156984249412e-04
1.476540349725895956e-04 1.380091354147451718e-04
-6.255627015095294738e-05 3.958035334374090773e-05
4.940301862827388527e-05 2.606737658239071135e-05
-5.503051538454201651e-05 -6.716233679380515713e-05
-2.555407099144528116e-06 1.172729019259364678e-04
5.436001545944323614e-05 -3.706143320861059550e-05
7.716987106483447190e-05 -2.848542620630075458e-04
1.148765700372103490e-04 -1.739713778778099670e-04
-3.624409414031321447e-05 -1.119669894626143866e-04
-1.294681475720905757e-04 1.160826787378519510e-04
-4.677012013118913647e-05 3.465038817307158241e-05
-4.692057887918407074e-06 4.770408272231215044e-05
7.682189106025535486e-06 -1.282992224188569724e-04
9.962668194471400725e-05 -4.937565831613125003e-05
-1.556581898659751076e-04 -4.281151609659125180e-05
1.500759790634311060e-04 8.502217421134929890e-05
-3.486521344078591866e-05 -3.492577043184288358e-05
-3.216350512173826362e-05 2.076747983560840998e-04
3.819354522315533879e-05 4.300416471910696278e-05
1.030283454031842208e-04 2.387891590265135358e-05
-2.590421458207031459e-05 -1.963498490849782915e-05
-7.160125941406395647e-06 -3.722223650984159263e-06
7.276295436369799243e-05 5.194588580729943209e-06
7.326400772155792595e-05 -8.071658010858231660e-06
7.863519031609059331e-06 -1.998200684532107862e-04
9.163276747024815309e-05 3.464884758979927461e-05
9.980101098596523210e-05 -2.896255378193689613e-04
2.088374704780727531e-04 -1.395896281551737619e-05
1.108182816737516603e-04 -1.039905927125530955e-04
6.127739050625697259e-05 -1.053415563173656211e-04
-6.237689606958051565e-05 1.914031353866786308e-04
-1.906824007633465756e-05 2.174328731797228910e-05
8.700677306887542157e-05 4.956818879726046935e-05
1.504189051435764191e-05 3.649610024662254434e-05
2.403415585238275105e-04 -5.761879703358539316e-06
2.010990467149675269e-05 1.050654396007611997e-04
1.105525932957983896e-04 1.187030305560380245e-04
6.387302220291846209e-05 -1.143004912730483650e-04
1.633431532301096018e-04 -1.146345393018688018e-04
3.026354652390332369e-05 -7.542758500193579040e-05
-6.413834659299254993e-06 3.287624103034803946e-05
3.213572154502730938e-05 4.219207542352847818e-05
1.613711269058647202e-04 4.535343015139798516e-05
-2.441566352906486919e-05 9.640871682883572628e-05
1.189470488924640636e-04 -1.227607815136992652e-04
5.974000698498580544e-05 7.011727423108984197e-05
-2.975635033599919498e-05 1.375706813311619527e-04
-1.500555870325267307e-05 1.255764534715422534e-05
-1.730718242838696051e-05 1.557904758146753589e-06
-1.096275086895201798e-04 -1.440050882594294426e-04
1.594505063224972209e-04 -8.469613483183278187e-05
-9.913923494563072728e-05 -2.153390113603714849e-04
-6.389617476895022004e-05 -1.323089793407498341e-04
1.642015160136369258e-04 1.009817089342634133e-04
-6.881503451777238635e-05 2.252435805344308825e-04
9.817654869915943519e-05 -3.248313835086224767e-05
-2.499405714873573106e-04 2.290942572590741770e-04
-1.389572466763596141e-04 -1.645398746956892020e-04
1.022570432009640263e-04 2.439752406339272886e-04
1.384272818510518237e-04 5.639091200523595985e-05
5.947543416652859797e-05 8.534155587803077508e-05
7.589285897867651569e-05 2.811914239693758067e-05
1.042011039518760689e-05 -6.259312789952241278e-06
-7.539645888666763208e-05 -2.806750768667740732e-05
-1.692956814195385501e-04 -9.833962679474989003e-06
-9.885911071509175419e-05 -1.103589317215770911e-04
1.798941511534784759e-05 1.392002286344599384e-04
9.183166060023130494e-05 -1.570500603623177060e-04
-9.896281365703376318e-05 9.407711879882159724e-05
-9.824873935383096472e-05 -2.246331499970246096e-05
5.500520990245519163e-05 -9.683444548636353886e-05
1.053755061459599051e-05 -1.334025494918204477e-04
-6.013676439512137268e-05 3.197819341425369984e-05
-1.592993733531669392e-04 4.404747379603989770e-05
-1.963779892668121859e-06 5.524899544171477870e-05
2.239141340646614358e-05 1.364140429973844195e-04
1.252245026479072809e-05 -4.294055411252529906e-05
1.222975030322837875e-05 5.432980290363879195e-05
4.886007032570433056e-06 4.059169120388238221e-06
-7.019916878067553523e-05 -6.629009175509481837e-05
-1.402605271799693719e-04 1.749576743186939535e-04
-1.243863235391285240e-04 -6.929051977959072917e-05
-7.184072655691974734e-05 8.949243769444412762e-05
-2.949496782920277944e-05 1.247742072673733982e-04
-6.734906242438684881e-05 2.789941622238019904e-05
-8.353470532597574271e-05 2.145149127773388336e-04
-1.187598419029512907e-04 3.098207102270274970e-05
6.337768809320985200e-05 4.137990974514982328e-05
-1.852876588777082961e-05 -1.298206997334261636e-05
4.381147197910959658e-06 -1.470020016284886237e-05
9.638791167949097136e-05 2.210523001591351336e-04
-5.574917850078335910e-05 -1.369802979579077835e-04
-8.828204835125482309e-06 2.579709337654318910e-04
-8.036745679697308885e-05 1.639116805444067540e-04
1.677700814076440821e-04 -5.535882417079945883e-05
5.689830791852753855e-05 1.628396623128538026e-04
-3.791277409874870984e-05 -2.035803601023617875e-05
-5.816809139486437633e-05 -1.014756730692866930e-04
-6.492775450660070839e-05 -1.223940266762256620e-04
3.408346825922607312e-06 -7.699732310586418873e-05
2.337859117907477137e-05 -1.555895646203627294e-04
3.308802322144570714e-05 8.335289616089246688e-05
-1.993735642571455415e-04 3.740565698475721763e-05
1.227668992473292253e-04 -1.209641018691205499e-04
1.672572386837703408e-04 4.190190093660451921e-05
-7.050118557584088947e-05 -5.576907765770600956e-06
5.583269125217223903e-05 7.600539141241150185e-06
5.387559924463691867e-05 -9.206735930793663245e-05
1.693608240360780051e-05 -1.413714496904980268e-04
-1.112260613487003290e-05 -9.039076414647898320e-05
-7.355299425897665318e-05 1.236093175210437479e-04
1.091310120594269121e-04 6.091381209071770192e-05
-1.092312764672578987e-04 -3.164084496948019008e-05
1.213097699979183452e-04 1.417169136399047490e-05
2.319329539981694306e-04 3.933178393943718965e-05
1.920491164900315937e-05 -3.091164642025014158e-05
1.335409047822823149e-05 -1.524698363805439140e-05
7.081086766885905147e-05 9.567023167945841119e-05
-7.859894605079494946e-05 -1.331232953557778050e-04
-1.836205373103296727e-04 5.079913269125437296e-05
-1.103366606173873676e-04 -2.152890592952483089e-04
3.885786045309641253e-05 2.492999517432790491e-04
-6.070911539893324365e-07 8.384907744516418985e-05
8.182935854756501933e-06 -9.888965319114266202e-06
9.190764829877685752e-05 -2.902745441886513483e-05
2.673923140719029764e-05 3.216978061960136542e-05
-6.680904536430487257e-05 9.920423495365228537e-05
-1.749597566954086400e-05 -7.557451594928446808e-05
5.365098435704036031e-05 -8.984679817910372378e-05
2.818115736912825043e-06 -9.118996644203544517e-07
1.085895565831578177e-04 4.746982328799528172e-05
-2.502695874514391937e-06 8.177662992002870674e-05
1.390207549017313294e-04 5.578103063518622816e-05
1.035261984338060819e-06 -1.311836232350159709e-04
-1.065113663075372650e-04 -3.052247043546676259e-05
-6.095122021592831708e-05 -1.869713029854460205e-05
5.664992489710716695e-06 5.296927543567308319e-05
-7.049877805909122050e-06 4.865016438262019695e-05
6.447441481012024804e-06 -1.975466566353871456e-04
-9.393353938187543723e-05 -1.440875557216154718e-05
-1.209694742841107645e-04 5.999287299962045367e-05
1.530750832343697485e-04 1.218761851697316767e-04
-2.134428709302080187e-05 1.490726136849952212e-04
1.486674572021115530e-05 -3.370859711180393387e-05
-6.134026635409397838e-05 -3.024696864881283402e-05
-3.881768185412287804e-05 1.704162223754877032e-05
1.605739810498645848e-05 3.046020153414469401e-07
4.369381697463498666e-05 1.190646274786341397e-04
9.495541354413237069e-05 -1.484897968449903492e-04
-2.553921134901954962e-04 9.343199112392737589e-05
-1.366878698415421119e-04 -2.247654018926835683e-05
-1.170113026059359636e-04 -1.801980437580019809e-04
5.414627282047880692e-05 7.591551603026468263e-05
-5.765104007267194747e-05 -2.591042292144909933e-04
-5.462444482524827496e-05 3.918040054025465112e-05
-1.478911568774128724e-04 1.833599197791556414e-05
-1.530984917299555807e-06 5.792914996010883850e-05
1.195803684141532633e-05 -9.730689408815555567e-05
1.196571501664491367e-04 -1.585295730269700308e-05
-2.730453950993185918e-06 -9.332679590731960447e-05
-4.432822511915103568e-05 -8.848027140269009631e-05
-1.729460599234229883e-05 1.711708480142343572e-04
-1.371901142931356444e-04 -1.613561397876741167e-04
1.471170327493608618e-04 -2.093236771518661364e-05
-6.690727386599165378e-05 1.039904687396076471e-04
-6.056155397368641379e-05 1.826009713546936401e-04
6.779258713392691683e-05 -4.879114081457027119e-05
2.157308213265503598e-04 -6.057149230033384004e-05
7.420953720093070556e-05 2.992925804064919246e-05
1.301741289398798142e-04 1.561511196726852709e-04
3.200414906576662530e-06 -7.534178703461835377e-05
4.599721429391164282e-05 -6.777153697521061968e-05
2.013387247526623059e-04 1.365353310827374416e-05
-3.653215513121087118e-05 1.846803058649084271e-05
-1.347126289529696418e-04 -9.716140385106515208e-05
1.200413907944425401e-04 -6.568942789713958321e-05
-1.046910982681939609e-04 5.366527525272861833e-05
1.185704154662996945e-04 7.189533106650667640e-05
9.960476858058164189e-05 -7.567950885694607328e-05
-1.421810666741843887e-04 1.501333651955486816e-04
-3.226798388421357728e-05 -2.508330164550473759e-05
1.328194141849058042e-04 5.562300094006599708e-05
4.558877720816076259e-05 2.165002344901084056e-04
-6.435182303801430909e-05 9.278401280812372735e-05
5.701312489708450561e-06 2.685922788632569348e-05
1.528468426412531807e-04 5.078357562896237466e-05
5.382960790496329529e-05 1.072507337309802210e-04
-3.649527295428853430e-05 -8.392096673390063693e-05
-1.044809194021033619e-04 -1.966356589376001937e-04
2.056207129940322228e-04 -1.103208365721683243e-04
-2.212536235857720128e-05 -2.768132998889206834e-05
3.074066978091007628e-05 8.157372125392968172e-05
8.604734883597453564e-05 -5.830774385689384910e-05
-1.671217137864114887e-05 2.825799504882996454e-05
-2.486911261835471058e-05 1.607345576019992650e-04
4.909749516382513879e-05 7.348777860498175395e-05
6.628812686674127375e-05 1.173473857485324951e-04
1.810215587037069496e-05 -1.296831947955846495e-04
3.996879517526416337e-05 -6.513568937918290847e-05
-5.286166817497569035e-05 5.863640187550933023e-05
1.238283071433635661e-04 2.127157673606164967e-06
3.088330125989637855e-05 1.702214944635238049e-04
2.407531794885683059e-05 2.601683114180394882e-04
5.655096456315441812e-05 -1.760762759155817770e-04
7.533416211045325611e-05 3.811583848827777604e-05
1.289752754082745595e-04 6.731813512699583700e-05
-1.384559839837738236e-05 -1.224298236289365807e-04
-2.090232572860252833e-05 -8.505204542093000900e-05
-5.805234498047227501e-05 5.885784044206096599e-05
1.669904504351406283e-04 3.946715298229811451e-05
-1.195883062035184405e-04 4.446026682201407293e-05
1.196631486645651106e-04 -6.097829043193822194e-05
-1.340171666729176934e-05 1.468819472919709364e-06
-7.848983130822400028e-05 6.482804338438591060e-05
-1.209481486077815723e-05 4.195324439070278024e-05
-8.874921778021001707e-05 -4.374583003234104529e-05
7.223813578277713410e-05 -3.728331520917670095e-05
1.726963851233405140e-04 -3.996361856146023493e-05
2.246847257518859214e-05 9.325908318730899307e-05
-1.418365732933031856e-04 -1.760808811980775956e-04
-1.525656314570094708e-04 1.262584103427182155e-04
-5.518581458924467787e-05 2.558199285668252224e-04
-5.642475986573886022e-05 1.845513031970369644e-05
1.542109952567875765e-04 2.006092888159122971e-04
2.061503576636398039e-04 1.208366230593142451e-04
1.024062525811462467e-04 5.925269492011831060e-05
7.783610761666378132e-05 -5.511857163285334660e-05
-8.181988834223071925e-05 -3.374457410952051828e-07
-1.701846225249284661e-05 -4.532280493272751795e-05
6.963874474567153150e-05 9.553052085705108132e-05
8.840688629184735402e-06 1.477530081055261851e-04
-1.141689114133505068e-04 -1.936594592797181085e-05
-7.168223206028049264e-05 -1.866536617073060041e-04
-8.268068584269925734e-06 -1.217475083832835450e-05
1.513449743242131133e-04 6.308116845547775845e-05
-1.024186824329204976e-04 1.854092566334188477e-04
1.221033695525353081e-04 5.820977034686158181e-05
-2.264840988498319406e-05 -9.594392367234798487e-05
-3.722067760710530637e-05 1.088748619704186003e-04
1.884586305934609295e-04 1.543243528272189200e-04
-4.888494217862741556e-05 -1.119617433289011248e-04
1.408862469112039386e-05 -1.768439365562851759e-04
3.231677141847814818e-05 -1.476025862986686931e-05
-4.660365018682422850e-05 -1.594703067266795536e-04
5.136001065697165952e-05 -5.327008396619114036e-05
-1.169916835710288066e-04 -2.872262213281649604e-04
-2.751490505063625736e-06 1.772251596669744236e-04
1.661259214547869975e-04 -4.570962565862718717e-05
-6.022120603617805968e-05 4.687742560750237834e-05
-9.983854391882915455e-05 3.017918998194659723e-05
7.660802783846903377e-05 1.226933223884307562e-04
-1.001540764799527829e-05 -2.036737501769658753e-05
-8.779825867565610605e-05 -8.268803540398600893e-05
-2.264788919015267642e-05 3.673655068161780726e-05
9.135846262332494470e-05 -8.031789506803448445e-05
1.492688568959521793e-04 -2.711236010425687961e-05
-2.136729434843615654e-06 -7.472116791478234407e-05
-2.424240260272941794e-04 8.840453963610498268e-05
7.368438970924334524e-05 -2.813275571182134179e-05
6.699071722487191823e-06 5.159392177040994526e-05
-1.562545856886542715e-04 -5.290526773462947917e-05
7.942646796218271149e-05 -1.254289423169249490e-04
2.935579321666292882e-05 -1.356581804623405000e-04
4.664299824335263521e-05 -3.564148229748356822e-06
-1.615131815905509560e-04 1.164739354457171381e-04
-7.345915767980492521e-05 -8.102524370143810296e-05
2.005691972309428647e-05 1.148637349428715225e-04
-1.015821818978397039e-04 6.167984984797165384e-06
4.288165003305730017e-05 6.931056072631440522e-05
1.764415552772251880e-05 -3.670278390833223088e-05
-8.275902206487196827e-05 8.614388304637475284e-06
-1.072139011985607008e-04 -2.921350483494607273e-04
4.365598041576678156e-05 9.039348410861952480e-05
-2.362932435541838423e-04 -1.009730704709937564e-04
6.191542610051978300e-05 2.057495469711698795e-04
2.079370767540789344e-06 -7.280029412291345089e-05
-1.828964411048401528e-05 1.374876419148184938e-04
-6.459641791245353379e-05 -7.991920066502535914e-05
-4.827435221820324462e-05 -9.533286082587123908e-05
1.226703159947955320e-05 1.624678458469560769e-04
3.230792731160290614e-05 -2.523535021262876194e-05
-2.918112689155441042e-05 -1.563190808696657058e-04
8.831097771471589674e-05 -7.783719701280203483e-06
-1.804799135906256475e-05 3.193107567844861018e-04
2.987529083656862536e-05 -7.517910500951843474e-05
-4.263575962055433200e-05 1.148445709196754816e-04
1.132704105377644703e-05 -1.438277978317366746e-04
9.192289345752034831e-05 -6.681440855389939840e-05
1.873297776217545539e-04 1.080048065714648550e-04
-4.473218956587512080e-05 1.281016361735112894e-04
6.785551052740330289e-06 8.527736751222195243e-05
4.847328172944747801e-05 -8.463566549908736172e-05
-6.435498323174619823e-05 1.029960817581161204e-04
-3.347753321065408821e-05 -4.036484632419967455e-05
-9.551225793493529502e-05 4.235990655934610498e-05
2.062524919243145186e-04 -1.067532914254272871e-04
2.421945667275806855e-06 1.412220555415429199e-04
-7.964139124571514890e-06 4.523717962497339089e-05
-1.062393528146879710e-04 4.283070972076485916e-05
-1.871442650045487778e-05 9.857299956798630156e-05
1.187386051564751294e-04 2.589563642018613966e-04
5.796331732135756560e-05 3.257963165821664564e-05
1.943843015773360350e-05 -3.531662928106883476e-05
3.384838434616911347e-05 -2.954014101390294548e-05
1.684609762696143070e-05 1.317597535607959672e-04
-1.006542565279641157e-04 1.139878561129045449e-04
1.317115067339865450e-04 -1.180685269910787476e-05
-2.121854899008594785e-04 -6.078219870944324982e-05
1.296994546561109295e-04 -2.286806229888212202e-06
-9.993022322949108541e-05 -5.047749212282174642e-05
8.406200265045530402e-05 5.467335682013793374e-05
-2.389320991696943362e-05 -3.668244118146875721e-05
-3.917581490438219066e-05 -9.224101844985026298e-05
1.615375689469441720e-04 -3.223204692113398976e-05
1.217158520825496558e-04 1.521316051922451515e-04
9.983108981479603568e-05 -4.316203127180484551e-05
4.037300903366094617e-05 -2.419560639091616497e-06
-9.037018607301282303e-05 3.243592817216030255e-05
-1.179039791159802546e-04 1.187679388461563857e-04
-4.646172972983930711e-05 2.011596558728393050e-05
2.832878715461421612e-05 -2.589049737040773552e-05
5.866938014752747399e-05 -4.749036566225244498e-05
8.712972974572441825e-05 -1.345979680246748493e-04
1.263795795464118245e-05 1.938928999058284913e-04
-1.000331324605574788e-04 -6.777449705248515463e-05
5.139078496589150275e-05 1.795817819395979448e-05
3.506300992735592037e-05 4.891871301476635107e-05
6.347214685617699065e-05 1.109699841956223262e-04
4.098186569285125903e-05 -2.412576546185424826e-05
6.725737012027313089e-05 1.899881934895215625e-04
-1.326337463825735534e-05 -9.745293046706415732e-05
1.107080669286972826e-04 -1.203811639535982411e-05
-2.172669546014036241e-04 8.474216771504216759e-05
-5.353281859539227869e-05 -9.053328230416077317e-06
3.319803305690145745e-05 1.904996797790664112e-05
7.094518171390395327e-05 -4.354863705698433767e-05
5.131057981760827512e-05 -2.595466775839172226e-05
7.388104808875030046e-05 6.153674840130533971e-05
-9.354387020445953881e-05 1.085982116175032307e-04
-5.359634451140480281e-05 8.080577982811451446e-05
3.672873134013406683e-05 1.838183676795122510e-04
-2.234659823718521552e-05 -3.493167961181975034e-05
-1.941960588773261005e-06 -3.031797828342754430e-05
7.999419019420501032e-05 -1.616310608436588039e-04
-1.053682419146354166e-04 -1.067802921579193214e-04
9.503075919735757160e-05 1.710613372581925315e-04
-1.044492185374715009e-05 -1.688217231900106385e-05
7.005216311318138642e-06 1.161878302608190572e-04
-9.273531341905741625e-05 2.383689827347851558e-05
9.751976297824297595e-05 5.010941699398452603e-05
1.895816165987434040e-05 1.001046092567141191e-04
-2.703232292999237143e-04 6.778753195309076846e-05
-6.540756831274238518e-05 -1.830632896856456890e-04
5.112025995249807014e-05 1.373658545162957732e-04
-1.374485146276918703e-05 9.528745472029388698e-05
1.612278257988645450e-04 1.314914453584047418e-04
1.639964529371393124e-04 7.421274910718923020e-05
7.543363890159280039e-06 -1.601965811897168590e-04
-2.460624881299486013e-05 -8.432465953161917928e-05
2.170942717497813745e-04 -1.758858124323366365e-05
1.232048067844856793e-05 5.514853760404675730e-05
4.360244637245372969e-06 1.695051040430753137e-04
-6.226493617344520113e-05 1.946074552372427071e-05
-7.424705856980483136e-05 -1.320022511220705810e-04
-6.117690909052854865e-05 -3.703679704841202257e-06
-4.293022245172599578e-05 -6.924209798738560607e-05
-1.406317463671833919e-04 -8.310557262869477493e-06
-1.504720374031002215e-04 7.600559636896026591e-05
8.243975293450328691e-06 -1.457551499464930641e-04
-3.092090770498634515e-05 -7.521564055905831457e-05
3.191745104191804770e-05 1.340450446023144716e-04
-1.875172469645744694e-04 1.150260791474171658e-05
-1.601327955666403954e-05 6.713400764504656748e-05
2.131966282376891419e-05 -7.519693317388190690e-05
-3.190539356666181826e-05 -7.960258568034890613e-05
1.076007138598598418e-04 2.131164867194221855e-06
1.901190685753007524e-04 -6.066081381462078013e-06
-7.084067669104627543e-05 -1.513714392612827274e-04
-1.803139676255945112e-04 -1.584135943005489746e-04
2.671266510114834468e-05 5.087250232299338513e-05
-1.581190702032133548e-04 8.950383140761155297e-05
-4.830610516834395125e-05 1.467930119855493756e-05
1.612220628255424393e-04 8.968393158655319419e-05
-2.685306479058323300e-05 -8.911922254152874166e-05
-2.151815401329305140e-04 -7.191533192424201689e-05
-2.111302388276944573e-05 -9.871795271511839536e-05
-1.312569670923047278e-05 7.685188295876822375e-06
-2.248559818080785776e-05 -6.500025808234597509e-05
1.686546719667276920e-05 4.419406495694090583e-05
-1.090399077442846034e-04 1.410932379746270232e-04
-9.858813228426173270e-06 1.884962294484766242e-06
7.082144232565572230e-05 2.332161312635016597e-05
9.531366339132451280e-05 2.871241652018242162e-05
-6.124373746404379397e-05 3.615035252061016703e-05
-1.143726207320661797e-04 1.085597057765231469e-05
-3.322999064446079932e-06 -2.081168572725397239e-05
-1.285375114389307595e-05 -1.881849045497639076e-04
-5.487249077409615263e-05 9.284490114111472217e-06
1.598563919974003690e-05 -1.027675140925958188e-04
1.265707840864700707e-04 -8.661748482145009069e-05
9.694572005267368289e-05 4.271943618716848558e-05
-6.462273098438030446e-05 1.775310892609512016e-04
-1.193636831756480132e-04 9.191541736100016077e-05
1.000582318042978261e-04 -6.706202090766449127e-05
1.392465300064328810e-04 -2.500465145989527895e-05
2.886936292798570323e-05 2.603218387712207294e-05
-1.343087414705478180e-05 8.108082731597821946e-05
7.934887205522130190e-05 -1.748531973238180801e-04
1.304340242878152673e-04 -1.662491988035674534e-04
1.032546204341657382e-04 1.126705136827583343e-04
-1.090966430215198335e-04 -4.108142879545847922e-05
-1.105704668485935765e-04 -2.149210302887353237e-05
-3.080342841857412495e-05 7.796605322693398767e-05
1.310308746119608417e-04 1.395683810789956055e-04
-5.621680265783021425e-05 -2.092218737445278011e-05
-1.683438192220950249e-04 -8.058700664961887712e-05
9.648516330974576732e-05 1.615582823548231844e-04
-1.234348871879922176e-04 -5.924642591528942782e-05
-2.640575695892703057e-06 2.801611588196068153e-05
-8.096035199216462027e-05 4.240610444640897361e-05
-4.738393470709161703e-05 -1.445227087827910384e-06
5.462842480036996244e-05 6.422269810937816960e-07
-4.363858905265686279e-05 -1.096098039258308370e-05
-8.836295920533533371e-06 -3.700110298821277291e-05
-2.587960626671023629e-05 1.598647170504716923e-04
5.609194479412387221e-05 -2.954803180291603628e-05
6.969544045107356532e-05 -3.338194897560099950e-05
1.173124637586641386e-04 3.696421921980939295e-05
-1.073021440042288874e-05 4.477169258102776104e-05
-1.570876152068499362e-04 -1.126767468909805307e-04
-1.193925006399055471e-04 1.429430947637067660e-05
1.732514999485092124e-04 2.231300146192632516e-04
6.380511014407572092e-05 5.008444749444569769e-05
-1.801057734152738932e-04 -5.426737997340217627e-05
-7.877837519082389486e-05 -6.208475982511159916e-05
-1.681438185847896192e-05 -4.720905776971274142e-05
-1.979299810375787915e-04 7.479102561175338245e-05
-1.072743025739806579e-04 2.392468641111495568e-05
2.074082669749973567e-04 -9.193845915864234085e-05
-2.530287522746329718e-04 -2.860042218801108366e-05
1.100959634998571101e-04 1.958347454220594011e-04
-1.229549594452416952e-04 4.966992232365217389e-05
-4.653104567800533589e-05 -1.059483543041356613e-05
2.644343347017034961e-04 -1.502970328395153150e-04
2.537396614945734569e-05 4.676931717654332258e-05
1.085786324939347119e-04 9.798315347089544660e-06
3.080505395041023423e-05 -3.916485674217911277e-05
2.691269412451073389e-05 -3.431922754974104782e-05
6.215718898560508674e-05 -3.696103360436339935e-05
3.771003939021864943e-05 -2.926281368497835576e-06
1.126050250772168162e-04 -5.139372358848624707e-06
-1.773032468206881484e-04 1.261921500713991695e-04
-9.057323008626189380e-05 -6.537663386488198848e-05
-5.956612940434921388e-05 1.374438093170817269e-04
-2.135674213978695714e-04 3.137748533659994008e-04
1.056056809066051907e-04 2.232389141291596832e-05
-5.489400061628639501e-06 2.855540748576569423e-05
5.211224283793383519e-05 6.452155859500570108e-05
5.556044660034485048e-05 8.958068125524882745e-06
-1.973384203073261071e-05 -1.512732836535116998e-05
-1.949082803526810368e-05 1.133770096867064563e-04
5.935567222808618769e-05 -2.940388634664280166e-04
6.559007765297610439e-05 1.947361947187748569e-05
-1.870875644589741722e-06 -3.885184530888858504e-05
1.124112719986013545e-04 9.475264621228579327e-05
-7.728776678236092045e-05 4.070522871245351446e-05
-9.716567345412860000e-05 -1.379618164788930701e-04
-6.267172245899651389e-05 8.623934723827587857e-05
9.531250453760867106e-05 5.130854200972929826e-05
7.250957868479971139e-05 5.161782871149583988e-05
-6.414815952229523132e-05 4.319225446739406504e-05
8.004095252276823371e-05 7.542913298135742433e-05
1.188913371474642949e-04 7.083038472010638308e-05
3.514482075415828916e-05 1.070150238316427456e-04
-2.652125924906006349e-06 -8.818746512277178767e-05
-1.630669639437638875e-05 -7.449026448064491790e-05
-6.751782749743816356e-05 -1.445186707155178283e-05
-7.924199209999613174e-05 -3.079615296390402954e-05
-1.893614666953785826e-04 2.132937073729385640e-05
1.205475362224236914e-07 -8.170886310681907264e-05
6.592456684324050561e-05 9.375701376265584077e-05
