1.296504378707516816e-04 -5.766809627178984710e-05
1.405623230510711372e-04 -5.889080102146160514e-07
1.300748687474964822e-04 5.657993615745134482e-05
9.978469480873679591e-05 1.051349979435438277e-04
5.430320563585801030e-05 1.376842093438613700e-04
5.545456647046724310e-07 1.492722479820417106e-04
-5.327853885693100040e-05 1.381349400212538055e-04
-9.900044880875645634e-05 1.059678396385794590e-04
-1.296504378707517629e-04 5.766809627178986065e-05
-1.405623230510712727e-04 5.889080102147222482e-07
-1.300748687474963738e-04 -5.657993615745129061e-05
-9.978469480873670104e-05 -1.051349979435438006e-04
-5.430320563585781378e-05 -1.376842093438613158e-04
-5.545456647044504025e-07 -1.492722479820417106e-04
5.327853885693108172e-05 -1.381349400212538326e-04
9.900044880875622595e-05 -1.059678396385794861e-04
1.306036711963081646e-04 -5.809209137809614217e-05
1.415957842013025841e-04 -5.932378586150324188e-07
1.310312226306288162e-04 5.699593074712566487e-05
1.005183452154326717e-04 1.059079855660153017e-04
5.470246094225544663e-05 1.386965096407589580e-04
5.586228696630008385e-07 1.503697474096877932e-04
-5.367026047090665651e-05 1.391505542406463189e-04
-9.972833317690364642e-05 1.067469505913818116e-04
-1.306036711963083272e-04 5.809209137809615573e-05
-1.415957842013028010e-04 5.932378586150913934e-07
-1.310312226306287078e-04 -5.699593074712561744e-05
-1.005183452154326175e-04 -1.059079855660152611e-04
-5.470246094225526367e-05 -1.386965096407589851e-04
-5.586228696628231733e-07 -1.503697474096877932e-04
5.367026047090673783e-05 -1.391505542406464273e-04
9.972833317690334826e-05 -1.067469505913818116e-04
1.310671977174970621e-04 -5.829826647852352252e-05
1.420983229175933071e-04 -5.953433237855637330e-07
1.314962665779908992e-04 5.719821545519816048e-05
1.008750956685141524e-04 1.062838644342421627e-04
5.489660587852552979e-05 1.391887585188031568e-04
5.606054825028374673e-07 1.509034258681142939e-04
-5.386074201632962876e-05 1.396444145719669182e-04
-1.000822797920181216e-04 1.071258070370079564e-04
-1.310671977174974686e-04 5.829826647852356318e-05
-1.420983229175936053e-04 5.953433237855519804e-07
-1.314962665779909805e-04 -5.719821545519814692e-05
-1.008750956685140575e-04 -1.062838644342422033e-04
-5.489660587852535360e-05 -1.391887585188031839e-04
-5.606054825026153329e-07 -1.509034258681143481e-04
5.386074201632973040e-05 -1.396444145719668640e-04
1.000822797920180809e-04 -1.071258070370079835e-04
1.310671977174971163e-04 -5.829826647852354962e-05
1.420983229175932800e-04 -5.953433237855402278e-07
1.314962665779909534e-04 5.719821545519811304e-05
1.008750956685142879e-04 1.062838644342421356e-04
5.489660587852559077e-05 1.391887585188031568e-04
5.606054825028707133e-07 1.509034258681142668e-04
-5.386074201632967619e-05 1.396444145719669724e-04
-1.000822797920181622e-04 1.071258070370079835e-04
-1.310671977174974144e-04 5.829826647852353607e-05
-1.420983229175936324e-04 5.953433237855637330e-07
-1.314962665779910347e-04 -5.719821545519811982e-05
-1.008750956685141117e-04 -1.062838644342422033e-04
-5.489660587852535360e-05 -1.391887585188031568e-04
-5.606054825026486848e-07 -1.509034258681142397e-04
5.386074201632973040e-05 -1.396444145719669724e-04
1.000822797920180538e-04 -1.071258070370079292e-04
1.306036711963081646e-04 -5.809209137809609474e-05
1.415957842013025028e-04 -5.932378586150324188e-07
1.310312226306288704e-04 5.699593074712558356e-05
1.005183452154326853e-04 1.059079855660152069e-04
5.470246094225552117e-05 1.386965096407589038e-04
5.586228696631119057e-07 1.503697474096878203e-04
-5.367026047090660908e-05 1.391505542406464002e-04
-9.972833317690348379e-05 1.067469505913818658e-04
-1.306036711963083543e-04 5.809209137809614217e-05
-1.415957842013029365e-04 5.932378586150324188e-07
-1.310312226306289789e-04 -5.699593074712569198e-05
-1.005183452154327666e-04 -1.059079855660153017e-04
-5.470246094225527045e-05 -1.386965096407589038e-04
-5.586228696629119000e-07 -1.503697474096877661e-04
5.367026047090682592e-05 -1.391505542406462918e-04
9.972833317690348379e-05 -1.067469505913816761e-04
1.296504378707516816e-04 -5.766809627178983355e-05
1.405623230510710830e-04 -5.889080102146750261e-07
1.300748687474965093e-04 5.657993615745125673e-05
9.978469480873690433e-05 1.051349979435437328e-04
5.430320563585821358e-05 1.376842093438613429e-04
5.545456647047391348e-07 1.492722479820417648e-04
-5.327853885693087165e-05 1.381349400212538326e-04
-9.900044880875633437e-05 1.059678396385795404e-04
-1.296504378707519526e-04 5.766809627178983355e-05
-1.405623230510714083e-04 5.889080102146042988e-07
-1.300748687474965364e-04 -5.657993615745137193e-05
-9.978469480873695854e-05 -1.051349979435438684e-04
-5.430320563585792898e-05 -1.376842093438613429e-04
-5.545456647045835984e-07 -1.492722479820417377e-04
5.327853885693115626e-05 -1.381349400212538055e-04
9.900044880875633437e-05 -1.059678396385794726e-04
