7.173077529556131093e-01 7.478357662483314794e-01
9.493860233212099153e-01 4.168480777333897214e-01
1.036641594578136649e+00 2.168745209058228762e-02
9.655176631521102948e-01 -3.762504323874567014e-01
7.478357662483314794e-01 -7.173077529556129983e-01
4.168480777333896659e-01 -9.493860233212098043e-01
2.168745209058226681e-02 -1.036641594578136871e+00
-3.762504323874567014e-01 -9.655176631521101838e-01
-7.173077529556132204e-01 -7.478357662483314794e-01
-9.493860233212099153e-01 -4.168480777333896103e-01
-1.036641594578136649e+00 -2.168745209058222517e-02
-9.655176631521104058e-01 3.762504323874567014e-01
-7.478357662483317014e-01 7.173077529556132204e-01
-4.168480777333896659e-01 9.493860233212099153e-01
-2.168745209058221129e-02 1.036641594578136427e+00
3.762504323874568124e-01 9.655176631521101838e-01
7.123651697436883534e-01 7.426923916332011100e-01
9.428262807049228034e-01 4.139434727847252637e-01
1.029468684158132419e+00 2.155974458755549258e-02
9.588688244439659281e-01 -3.736665641494368306e-01
7.426923916332011100e-01 -7.123651697436883534e-01
4.139434727847253193e-01 -9.428262807049230254e-01
2.155974458755546136e-02 -1.029468684158132197e+00
-3.736665641494367751e-01 -9.588688244439658170e-01
-7.123651697436883534e-01 -7.426923916332012210e-01
-9.428262807049230254e-01 -4.139434727847252637e-01
-1.029468684158132197e+00 -2.155974458755541626e-02
-9.588688244439658170e-01 3.736665641494368861e-01
-7.426923916332014430e-01 7.123651697436882424e-01
-4.139434727847253193e-01 9.428262807049228034e-01
-2.155974458755546136e-02 1.029468684158132197e+00
3.736665641494369416e-01 9.588688244439658170e-01
7.147259966205040671e-01 7.451461692148823035e-01
9.459669977361361282e-01 4.153390947295730884e-01
1.032905056207333860e+00 2.161641223756744293e-02
9.620433996245635333e-01 -3.748980674524730605e-01
7.451461692148821925e-01 -7.147259966205040671e-01
4.153390947295730884e-01 -9.459669977361361282e-01
2.161641223756749497e-02 -1.032905056207334082e+00
-3.748980674524730605e-01 -9.620433996245636443e-01
-7.147259966205040671e-01 -7.451461692148825255e-01
-9.459669977361362392e-01 -4.153390947295730329e-01
-1.032905056207333860e+00 -2.161641223756744640e-02
-9.620433996245636443e-01 3.748980674524731715e-01
-7.451461692148823035e-01 7.147259966205040671e-01
-4.153390947295730329e-01 9.459669977361361282e-01
-2.161641223756744640e-02 1.032905056207333860e+00
3.748980674524732271e-01 9.620433996245635333e-01
7.147259966205040671e-01 7.451461692148824145e-01
9.459669977361361282e-01 4.153390947295731439e-01
1.032905056207334082e+00 2.161641223756749497e-02
9.620433996245637553e-01 -3.748980674524730605e-01
7.451461692148824145e-01 -7.147259966205040671e-01
4.153390947295730329e-01 -9.459669977361362392e-01
2.161641223756748803e-02 -1.032905056207334082e+00
-3.748980674524730050e-01 -9.620433996245636443e-01
-7.147259966205041781e-01 -7.451461692148823035e-01
-9.459669977361362392e-01 -4.153390947295730884e-01
-1.032905056207334082e+00 -2.161641223756743946e-02
-9.620433996245636443e-01 3.748980674524730605e-01
-7.451461692148823035e-01 7.147259966205040671e-01
-4.153390947295730329e-01 9.459669977361362392e-01
-2.161641223756742558e-02 1.032905056207334082e+00
3.748980674524732271e-01 9.620433996245635333e-01
7.123651697436882424e-01 7.426923916332012210e-01
9.428262807049230254e-01 4.139434727847253193e-01
1.029468684158132419e+00 2.155974458755541626e-02
9.588688244439659281e-01 -3.736665641494368861e-01
7.426923916332013320e-01 -7.123651697436883534e-01
4.139434727847253193e-01 -9.428262807049230254e-01
2.155974458755541973e-02 -1.029468684158131975e+00
-3.736665641494367751e-01 -9.588688244439658170e-01
-7.123651697436883534e-01 -7.426923916332013320e-01
-9.428262807049229144e-01 -4.139434727847252082e-01
-1.029468684158132197e+00 -2.155974458755550299e-02
-9.588688244439659281e-01 3.736665641494368861e-01
-7.426923916332013320e-01 7.123651697436882424e-01
-4.139434727847252637e-01 9.428262807049229144e-01
-2.155974458755543360e-02 1.029468684158132197e+00
3.736665641494368861e-01 9.588688244439658170e-01
7.173077529556132204e-01 7.478357662483315904e-01
9.493860233212099153e-01 4.168480777333897214e-01
1.036641594578136649e+00 2.168745209058217660e-02
9.655176631521101838e-01 -3.762504323874568124e-01
7.478357662483314794e-01 -7.173077529556131093e-01
4.168480777333896659e-01 -9.493860233212099153e-01
2.168745209058235007e-02 -1.036641594578136649e+00
-3.762504323874567014e-01 -9.655176631521104058e-01
-7.173077529556132204e-01 -7.478357662483315904e-01
-9.493860233212099153e-01 -4.168480777333896659e-01
-1.036641594578136649e+00 -2.168745209058225987e-02
-9.655176631521104058e-01 3.762504323874567014e-01
-7.478357662483313684e-01 7.173077529556131093e-01
-4.168480777333897214e-01 9.493860233212098043e-01
-2.168745209058221129e-02 1.036641594578136427e+00
3.762504323874567569e-01 9.655176631521102948e-01
