3.261857510823378825e-01 -1.393617755365013922e-01
3.546867908153203963e-01 -4.016106443347957494e-03
3.291058058468329106e-01 1.319883738549737506e-01
2.535003019086249920e-01 2.479297465154384761e-01
1.393617755365013922e-01 3.261857510823379380e-01
4.016106443348000862e-03 3.546867908153203963e-01
-1.319883738549736396e-01 3.291058058468328551e-01
-2.479297465154384206e-01 2.535003019086249920e-01
-3.261857510823378825e-01 1.393617755365013922e-01
-3.546867908153202853e-01 4.016106443347983515e-03
-3.291058058468328551e-01 -1.319883738549736674e-01
-2.535003019086249920e-01 -2.479297465154384483e-01
-1.393617755365014199e-01 -3.261857510823379380e-01
-4.016106443347992189e-03 -3.546867908153203408e-01
1.319883738549736396e-01 -3.291058058468329106e-01
2.479297465154384483e-01 -2.535003019086249920e-01
3.239984459302494013e-01 -1.384293536673057434e-01
3.523092117809822343e-01 -3.987256729599469168e-03
3.269063137846945910e-01 1.311062974454693386e-01
2.518061296830814144e-01 2.462727599150670854e-01
1.384293536673058267e-01 3.239984459302493458e-01
3.987256729599486516e-03 3.523092117809822343e-01
-1.311062974454692553e-01 3.269063137846945910e-01
-2.462727599150671132e-01 2.518061296830813589e-01
-3.239984459302493458e-01 1.384293536673057434e-01
-3.523092117809822343e-01 3.987256729599490852e-03
-3.269063137846945910e-01 -1.311062974454693109e-01
-2.518061296830813034e-01 -2.462727599150671409e-01
-1.384293536673057434e-01 -3.239984459302493458e-01
-3.987256729599501261e-03 -3.523092117809822899e-01
1.311062974454693109e-01 -3.269063137846945910e-01
2.462727599150671409e-01 -2.518061296830813034e-01
3.251425093759800489e-01 -1.389167818711612712e-01
3.535526876108779359e-01 -4.002595642081057878e-03
3.280555338757266126e-01 1.315673919900940125e-01
2.526915206381028511e-01 2.471384375995897276e-01
1.389167818711612712e-01 3.251425093759799934e-01
4.002595642081115124e-03 3.535526876108779359e-01
-1.315673919900939848e-01 3.280555338757266126e-01
-2.471384375995896998e-01 2.526915206381028511e-01
-3.251425093759800489e-01 1.389167818711612712e-01
-3.535526876108779359e-01 4.002595642081101246e-03
-3.280555338757266126e-01 -1.315673919900940125e-01
-2.526915206381029066e-01 -2.471384375995896998e-01
-1.389167818711612434e-01 -3.251425093759800489e-01
-4.002595642081096909e-03 -3.535526876108779359e-01
1.315673919900940125e-01 -3.280555338757266126e-01
2.471384375995897831e-01 -2.526915206381028511e-01
3.251425093759799934e-01 -1.389167818711612712e-01
3.535526876108779915e-01 -4.002595642081069154e-03
3.280555338757266126e-01 1.315673919900939848e-01
2.526915206381029066e-01 2.471384375995897276e-01
1.389167818711612712e-01 3.251425093759801044e-01
4.002595642081093440e-03 3.535526876108779915e-01
-1.315673919900940403e-01 3.280555338757266126e-01
-2.471384375995896721e-01 2.526915206381028511e-01
-3.251425093759799934e-01 1.389167818711612712e-01
-3.535526876108779359e-01 4.002595642081067419e-03
-3.280555338757266126e-01 -1.315673919900939848e-01
-2.526915206381028511e-01 -2.471384375995897553e-01
-1.389167818711612434e-01 -3.251425093759800489e-01
-4.002595642081071756e-03 -3.535526876108779359e-01
1.315673919900940125e-01 -3.280555338757266126e-01
2.471384375995897276e-01 -2.526915206381028511e-01
3.239984459302493458e-01 -1.384293536673057434e-01
3.523092117809821788e-01 -3.987256729599474372e-03
3.269063137846945910e-01 1.311062974454692831e-01
2.518061296830813589e-01 2.462727599150671409e-01
1.384293536673057712e-01 3.239984459302494013e-01
3.987256729599476107e-03 3.523092117809822343e-01
-1.311062974454693109e-01 3.269063137846945910e-01
-2.462727599150671409e-01 2.518061296830813589e-01
-3.239984459302493458e-01 1.384293536673057157e-01
-3.523092117809822343e-01 3.987256729599440545e-03
-3.269063137846946465e-01 -1.311062974454693386e-01
-2.518061296830813034e-01 -2.462727599150671409e-01
-1.384293536673057157e-01 -3.239984459302493458e-01
-3.987256729599473505e-03 -3.523092117809821788e-01
1.311062974454693109e-01 -3.269063137846946465e-01
2.462727599150671132e-01 -2.518061296830813589e-01
3.261857510823378825e-01 -1.393617755365013644e-01
3.546867908153203408e-01 -4.016106443347994791e-03
3.291058058468329106e-01 1.319883738549736951e-01
2.535003019086250475e-01 2.479297465154384483e-01
1.393617755365013922e-01 3.261857510823378825e-01
4.016106443348023414e-03 3.546867908153203408e-01
-1.319883738549736951e-01 3.291058058468328551e-01
-2.479297465154384483e-01 2.535003019086249365e-01
-3.261857510823379380e-01 1.393617755365014199e-01
-3.546867908153203963e-01 4.016106443347964433e-03
-3.291058058468329106e-01 -1.319883738549736951e-01
-2.535003019086249365e-01 -2.479297465154384483e-01
-1.393617755365014199e-01 -3.261857510823379380e-01
-4.016106443348004332e-03 -3.546867908153203408e-01
1.319883738549736674e-01 -3.291058058468329106e-01
2.479297465154384483e-01 -2.535003019086249920e-01
