3.495165195406023884e+00 2.354072394189843376e+00
3.846090230283809586e+00 2.438500242814162888e+00
4.168203629843671543e+00 2.532516573061748488e+00
4.521805599630797090e+00 2.610813124371464511e+00
4.939651843884113269e+00 2.603010349658958056e+00
5.020460855921077048e+00 2.702117043420333431e+00
5.059634488810834441e+00 2.713704858065629111e+00
3.839915919081530404e+00 1.948047724907528533e+00
4.148975512993570369e+00 1.956872785097798273e+00
4.453199746073847720e+00 2.024104128658829271e+00
4.764544808271022447e+00 2.124526059973879999e+00
5.091900762020221016e+00 2.323641422420916314e+00
5.199549090451323963e+00 2.229853569242051137e+00
5.246602045960253591e+00 2.215872251645460089e+00
4.173764904630747452e+00 1.568141283728642144e+00
4.419785217098748831e+00 1.492723516252513427e+00
4.668306927414350938e+00 1.542608576935307729e+00
4.934506322153617397e+00 1.614658291113352906e+00
5.228697237097605033e+00 1.704856207021366421e+00
5.354723152457868451e+00 1.715610345802883963e+00
5.396917543416942742e+00 1.715617469208835733e+00
4.550864376504669906e+00 1.021892884220991560e+00
4.634508704304730387e+00 1.032916918517710725e+00
4.831639455728846677e+00 1.070682648803758186e+00
5.067682492082560941e+00 1.118120983234328625e+00
5.330189382768996786e+00 1.174482010516169517e+00
5.460883494165857499e+00 1.195090302844565189e+00
5.508055605462327087e+00 1.201235443750200416e+00
4.709896729026650242e+00 5.816867681915061095e-01
4.774953315658470920e+00 5.882525834604163117e-01
4.942881910629444597e+00 6.051985920327657142e-01
5.154853863871884379e+00 6.265053504983406629e-01
5.395962343568441177e+00 6.528866323102986424e-01
5.527761315532246478e+00 6.728670210154223952e-01
5.576230631199091903e+00 6.804362451995056293e-01
4.784360703031468987e+00 1.430478571975018209e-01
4.843497535575867374e+00 1.436338488485821296e-01
4.998075506754190656e+00 1.453207743915412020e-01
5.196532851502311701e+00 1.416310310778636505e-01
5.416633006830040564e+00 1.231997137789544589e-01
5.551005515931340284e+00 1.541050359589566654e-01
5.601574159067295611e+00 1.628558784489680666e-01
4.788391268370904896e+00 -2.948472828780035471e-01
4.845602023761169441e+00 -2.987356142435480533e-01
4.995726778859084227e+00 -3.088439864619275110e-01
5.189254918731298183e+00 -3.219298426274558866e-01
5.396571849734380422e+00 -3.354402356069832725e-01
5.533638278504009911e+00 -3.444857878664551176e-01
5.584560156084404703e+00 -3.476302036837279896e-01
4.725223513311004986e+00 -7.286796609617356424e-01
4.783166903541285819e+00 -7.376452867859037976e-01
4.934688116929672574e+00 -7.600815596874356261e-01
5.130123810277809504e+00 -7.826646971054213031e-01
5.348847958745812647e+00 -7.927375026988970896e-01
5.476468178599666281e+00 -8.394547809166190699e-01
5.524903742375549598e+00 -8.541535021415929130e-01
4.591920756646412194e+00 -1.154689855710560265e+00
4.654257279741391251e+00 -1.170028194333762928e+00
4.815061386465566251e+00 -1.209336368240124138e+00
5.018069328448718558e+00 -1.258208442636830515e+00
5.248673837578526680e+00 -1.314399712767767570e+00
5.374358752914702997e+00 -1.348110572365864845e+00
5.420637467498318429e+00 -1.360655399146892375e+00
4.375982823129784371e+00 -1.570955878572041442e+00
4.454774720854648429e+00 -1.593466326081145024e+00
4.638796671468830013e+00 -1.657507367412347277e+00
4.858974336330559751e+00 -1.734670618624868599e+00
5.103083217346880751e+00 -1.821333837042038439e+00
5.227098819124806894e+00 -1.850777583535264226e+00
5.272250061228924700e+00 -1.859857449704654275e+00
3.934014870354751281e+00 -2.061991290380361885e+00
4.180887903959903618e+00 -2.021890855440566348e+00
4.410875657129507132e+00 -2.104545386230774362e+00
4.652514088336927145e+00 -2.209641798153404668e+00
4.917752947672194175e+00 -2.330173160254536135e+00
5.040226604108405617e+00 -2.337794815927569658e+00
5.082172277765808488e+00 -2.336764018482168304e+00
3.561133087078838688e+00 -2.391420110102589813e+00
3.854424282750545938e+00 -2.444982922850906792e+00
4.130387693693886142e+00 -2.553376120154276840e+00
4.406925338959781335e+00 -2.689159949625846036e+00
4.674675343910133840e+00 -2.919612023222784458e+00
4.808244755360795430e+00 -2.796030353268250224e+00
4.858443852918075123e+00 -2.773781684655583391e+00
3.176238468943737736e+00 -2.743472266067365606e+00
3.499528600039373050e+00 -2.878232190987709771e+00
3.781996509736292200e+00 -3.017172268879690922e+00
4.089537682514027495e+00 -3.128245712694550651e+00
4.487069643591632406e+00 -3.149985578120965357e+00
4.565232380142677293e+00 -3.176125445010021142e+00
4.611390712315456497e+00 -3.158945325301203422e+00
2.328317063073188642e+00 -3.488269211030694095e+00
2.414177134804473379e+00 -3.840230172999639979e+00
2.509336734059790519e+00 -4.163081363866683482e+00
2.589265134079690611e+00 -4.517895166914126293e+00
2.583724823796159420e+00 -4.936978744563845112e+00
2.682923215165083253e+00 -5.018404375849836896e+00
2.694859858101192884e+00 -5.057966805435285096e+00
1.923971463532194726e+00 -3.836172564668887563e+00
1.933887477809461464e+00 -4.146427205731924914e+00
2.001899516347643182e+00 -4.451378938513605554e+00
2.104191448562508615e+00 -4.763612762883274065e+00
2.305201942910459323e+00 -5.091346531065881642e+00
2.212083240841125953e+00 -5.200070462186017650e+00
2.198268926039611326e+00 -5.247374324249869382e+00
1.545858518590416786e+00 -4.173530765079725313e+00
1.471577414811853668e+00 -4.421031579243035914e+00
1.522227001843946548e+00 -4.670367837860075255e+00
1.595357469640932280e+00 -4.937165901791446210e+00
1.687512846209429318e+00 -5.231925871856177857e+00
1.698809295037944755e+00 -5.358633565296829104e+00
1.699057292493476812e+00 -5.401002045916833971e+00
1.001365456558920730e+00 -4.555838405684833781e+00
1.012716757271258539e+00 -4.639905050876560466e+00
1.051385640941935540e+00 -4.837639499521796616e+00
1.100129768363165006e+00 -5.074332617919787403e+00
1.157934084556765830e+00 -5.337654466330139513e+00
1.179589529791482017e+00 -5.468988490407434178e+00
1.185471778564754164e+00 -5.516325300679447707e+00
5.619194554244855144e-01 -4.718900012784122744e+00
5.690038986763448214e-01 -4.784230999282241825e+00
5.866449795533315026e-01 -4.952909233423336666e+00
6.094693998035349836e-01 -5.165916918750620646e+00
6.372374735754958719e-01 -5.408353481789123229e+00
6.578549102649904334e-01 -5.540977188152275801e+00
6.656014469039228665e-01 -5.589686848813572695e+00
1.240962716871208404e-01 -4.797061046389461403e+00
1.253031213987118031e-01 -4.856716505503135828e+00
1.275686556080601608e-01 -5.012309199354782585e+00
1.250447883574198060e-01 -5.212478707306281933e+00
1.082501839301649171e-01 -5.434866176813279104e+00
1.394333623229802033e-01 -5.570079330310357513e+00
1.482794989958661769e-01 -5.620929577253826359e+00
-3.130921783825055815e-01 -4.804325692368753842e+00
-3.168723925384202000e-01 -4.862128861149241033e+00
-3.263686237487254949e-01 -5.013999958447961980e+00
-3.379905695359465834e-01 -5.210059037195438059e+00
-3.509141538366417068e-01 -5.420130751268607661e+00
-3.593480561502661597e-01 -5.559087355483088189e+00
-3.626825457297235267e-01 -5.610614881348636729e+00
-7.471528851374471536e-01 -4.743746376014828847e+00
-7.555566593581257706e-01 -4.802665898388074339e+00
-7.769810467513158514e-01 -4.957016871156766591e+00
-7.983198547498153719e-01 -5.156098937039162777e+00
-8.080228311024622023e-01 -5.379035461538451024e+00
-8.554568819806885882e-01 -5.509477465974442545e+00
-8.705073071609304991e-01 -5.558858107385498570e+00
-1.173201357971494829e+00 -4.612531303726748355e+00
-1.187930668248553090e+00 -4.676661316513723854e+00
-1.225971222650617198e+00 -4.841982177190033099e+00
-1.274173576392674034e+00 -5.050780079421942403e+00
-1.330625076924946137e+00 -5.288159859229931925e+00
-1.366939811153710993e+00 -5.417042162710862030e+00
-1.380621351853055456e+00 -5.464399778431088706e+00
-1.590005926138085446e+00 -4.397668566184757211e+00
-1.611600172499886741e+00 -4.479628792605632626e+00
-1.674165748880517945e+00 -4.670895129363710652e+00
-1.750932083059820732e+00 -4.899775247986879023e+00
-1.839331100419849818e+00 -5.154129673642853682e+00
-1.876113192871435853e+00 -5.281759494284402834e+00
-1.887924328854096334e+00 -5.328055908459809586e+00
-2.083423072625853134e+00 -3.952608151097206868e+00
-2.040405963346372697e+00 -4.207098807381733252e+00
-2.120614177219250607e+00 -4.448286737890367881e+00
-2.224963940552596497e+00 -4.704035674454186022e+00
-2.350579544751352223e+00 -4.985253884081036091e+00
-2.377075255197030224e+00 -5.109194587978330482e+00
-2.382196573713152521e+00 -5.151263475704271677e+00
-2.416542021190343448e+00 -3.572077457955229463e+00
-2.464567362926555649e+00 -3.878184271626906821e+00
-2.568487452750253919e+00 -4.172716426689587088e+00
-2.706260429148818591e+00 -4.470624466335202385e+00
-2.943424732943483502e+00 -4.771956475534534725e+00
-2.864262038133225108e+00 -4.890434257593727629e+00
-2.856411640557666498e+00 -4.938972167600947927e+00
-2.773402057181062474e+00 -3.177455705837381572e+00
-2.901068994143521262e+00 -3.515211468441280296e+00
-3.034172724816319278e+00 -3.824075927028156574e+00
-3.155587905373310242e+00 -4.166771145555033584e+00
-3.200314098482182512e+00 -4.584744580278063530e+00
-3.307386859716114014e+00 -4.653454913890167077e+00
-3.323293615835035020e+00 -4.691018989585328036e+00
-3.516373200439978142e+00 -2.333125034240888684e+00
-3.852803583667557152e+00 -2.426760879674046301e+00
-4.149303622681856041e+00 -2.528817936943026812e+00
-4.466533927227092526e+00 -2.600853616762510256e+00
-4.860383554526630512e+00 -2.572367222844616830e+00
-4.940805267028920866e+00 -2.587792012098864447e+00
-4.984319481440324218e+00 -2.564723983886064929e+00
-3.851583714080449194e+00 -1.934640064773260004e+00
-4.147434848974226540e+00 -1.951037761558549910e+00
-4.433754305458282197e+00 -2.023766696757403949e+00
-4.723683844495174533e+00 -2.124233480552609965e+00
-5.015867886505817275e+00 -2.319977237030362183e+00
-5.132449695901326159e+00 -2.179397288503228225e+00
-5.179277822066073789e+00 -2.150757712123882115e+00
-4.177088816040960495e+00 -1.560146082354788799e+00
-4.415326199398393214e+00 -1.489018215178937510e+00
-4.652716266143586132e+00 -1.542178425953046217e+00
-4.904463479268807546e+00 -1.615811108605329283e+00
-5.180818008100101402e+00 -1.702417549550538922e+00
-5.303062014803906266e+00 -1.693943485555673867e+00
-5.344287789570720371e+00 -1.687558348169706512e+00
-4.549899158243454700e+00 -1.016533758693144884e+00
-4.630559255535882102e+00 -1.028886364051512237e+00
-4.820495092495734824e+00 -1.068831397658340787e+00
-5.046912213430379879e+00 -1.117177850204770673e+00
-5.298060992402720437e+00 -1.172731528014820945e+00
-5.423969008306882778e+00 -1.185518148656992343e+00
-5.469623916262806418e+00 -1.189188377638401573e+00
-4.709514818046863560e+00 -5.758543333058672165e-01
-4.772754613264805101e+00 -5.830200091347839120e-01
-4.935888663761296868e+00 -6.017439820623774471e-01
-5.141640847738077724e+00 -6.240941134706908811e-01
-5.375026536525236764e+00 -6.510136570438451731e-01
-5.502809843844890025e+00 -6.681025217618431489e-01
-5.550004092852085513e+00 -6.749247533136604194e-01
-4.785695965582500655e+00 -1.361763163645021701e-01
-4.843558224029483661e+00 -1.376070375745653829e-01
-4.994945340339247863e+00 -1.404908900439597041e-01
-5.189113590958960742e+00 -1.380761390814637390e-01
-5.404211728780216717e+00 -1.208566131746185990e-01
-5.535175949760384739e+00 -1.509072000958100734e-01
-5.584555822690763449e+00 -1.596625482904668047e-01
-4.791430409353323761e+00 3.024550435332862275e-01
-4.847790928962292689e+00 3.057481402073035093e-01
-4.995629847745220786e+00 3.148221213116850214e-01
-5.186074442874061496e+00 3.265049221372574029e-01
-5.389659596517075713e+00 3.391257570872633353e-01
-5.524516670604740831e+00 3.477420060688992121e-01
-5.574561113313512450e+00 3.508359187219367570e-01
-4.729771183545810942e+00 7.372243004433334246e-01
-4.787027882944301815e+00 7.457038057535666509e-01
-4.936937906791463604e+00 7.670183857176048337e-01
-5.130194232546952726e+00 7.882192514822597973e-01
-5.346054996547472626e+00 7.970890892708982767e-01
-5.472424372059736086e+00 8.431144617954855480e-01
-5.520351428672110039e+00 8.575371731321856927e-01
-4.598059260098447787e+00 1.164388076983492004e+00
-4.659952462363265546e+00 1.179320996055893023e+00
-4.819552519307645611e+00 1.217490517612022982e+00
-5.021072411971507776e+00 1.265223388302787688e+00
-5.249778304200717116e+00 1.319879119859621364e+00
-5.374311467480819893e+00 1.352947344298632393e+00
-5.420226115481704632e+00 1.365114765272326558e+00
-4.383715385858778291e+00 1.582485382636681148e+00
-4.462155159548070849e+00 1.604438588659560239e+00
-4.645475426077105396e+00 1.667412263570619446e+00
-4.864470833797509997e+00 1.743555639170030869e+00
-5.106959193343059589e+00 1.828066563612500639e+00
-5.230230292130955583e+00 1.857353609696764440e+00
-5.275007426519056963e+00 1.865682850904853307e+00
-3.944793659496074412e+00 2.075794174257840297e+00
-4.190513036621523746e+00 2.034707661470224860e+00
-4.419588430495154263e+00 2.116095286267329900e+00
-4.660400098279878556e+00 2.219898907440146729e+00
-4.923844242171521834e+00 2.338699289147236904e+00
-5.045758900479587084e+00 2.345649067323652748e+00
-5.087333459914498590e+00 2.343933491496720478e+00
-3.574307172400260413e+00 2.406687701305466387e+00
-3.866082639261572584e+00 2.459150714789611225e+00
-4.141538243239658357e+00 2.565629616400700197e+00
-4.416972484394643850e+00 2.700380086460030693e+00
-4.682990592185206857e+00 2.928990608304529175e+00
-4.815493552779724240e+00 2.804970080209168604e+00
-4.865103842067054707e+00 2.782187177861808802e+00
-3.191599874869170073e+00 2.759427915085806760e+00
-3.513745660221987421e+00 2.892843999607742855e+00
-3.795399904703925742e+00 3.030202116408835522e+00
-4.101387762371483170e+00 3.140185618033002779e+00
-4.496642864998409372e+00 3.160167720515193679e+00
-4.573611066357304189e+00 3.186016571948218079e+00
-4.619187061948338169e+00 3.168318912122923159e+00
-2.345674549037748857e+00 3.502518243925277996e+00
-2.429989538711080144e+00 3.852855802446625955e+00
-2.523882678330265250e+00 4.174930357025591121e+00
-2.602566029989218599e+00 4.528880915062289070e+00
-2.595352022170243522e+00 4.946505751882035007e+00
-2.694201938160860177e+00 5.027129745510682035e+00
-2.705579576165286326e+00 5.066465296307133492e+00
-1.940506962129485036e+00 3.848761705882719042e+00
-1.949051261337692242e+00 4.157795589713338735e+00
-2.016248630048089741e+00 4.461998032839028738e+00
-2.116708239101977806e+00 4.773214555508775270e+00
-2.316214870072098364e+00 5.099969230608603965e+00
-2.222166433836871402e+00 5.207780249261793948e+00
-2.208217178854139373e+00 5.254882263440273427e+00
-1.560824385373222434e+00 4.184229134341704182e+00
-1.485208931709737445e+00 4.430871325347416345e+00
-1.534833199186327546e+00 4.679315291916363861e+00
-1.607008420469966614e+00 4.945220409009206897e+00
-1.697160785971713937e+00 5.238927627331567471e+00
-1.708058587363220804e+00 5.364782692740305947e+00
-1.708022636955639939e+00 5.406976999530699324e+00
-1.013838114712011462e+00 4.564181307183094560e+00
-1.024954823925691372e+00 4.647824502024984206e+00
-1.062691891301364988e+00 4.844617920405621447e+00
-1.110270059180568758e+00 5.080219148935896989e+00
-1.166794123856019993e+00 5.342290740725492704e+00
-1.187478731961879586e+00 5.472779261816885565e+00
-1.193602226484880680e+00 5.519879145792132569e+00
-5.734763952488285410e-01 4.725417510267708288e+00
-5.800209970583323216e-01 4.790378146243413404e+00
-5.971157756608700407e-01 4.957904203191429104e+00
-6.186263006919866525e-01 5.169456018442621925e+00
-6.451387665152223949e-01 5.409981158100865883e+00
-6.652992908610964040e-01 5.541444228719468512e+00
-6.728919217392911323e-01 5.589861058648420311e+00
-1.341569957549809400e-01 4.802190290739207335e+00
-1.349847103686832028e-01 4.860962847758405481e+00
-1.367624555943291187e-01 5.015104759862285100e+00
-1.333604010561192099e-01 5.213014626742615398e+00
-1.154931464817733761e-01 5.432452061724259096e+00
-1.462923235478235384e-01 5.566374948118665955e+00
-1.551236711708618987e-01 5.616558330539424659e+00
3.039908731387680474e-01 4.807764646288702259e+00
3.078879079904176530e-01 4.864735239699170322e+00
3.179420437064473526e-01 5.014290301183347509e+00
3.306925258165667736e-01 5.207273738506676963e+00
3.441612271247248556e-01 5.413594360584207621e+00
3.527573897427966343e-01 5.550216301038794597e+00
3.559969709986048891e-01 5.600837784925376539e+00
7.387338754781404004e-01 4.745763700344965308e+00
7.475772534665839908e-01 4.803378698789308565e+00
7.697337546496381133e-01 4.954294228158373059e+00
7.920128278658215004e-01 5.149066530221771743e+00
8.014699839163895723e-01 5.366948532571925057e+00
8.480803993636247817e-01 5.494037644163344503e+00
8.626990857835402648e-01 5.542279669764322847e+00
1.165431751325469945e+00 4.613426967246759602e+00
1.180631289195805511e+00 4.675498844512103069e+00
1.219645460132651849e+00 4.835596784726612363e+00
1.268369124067767029e+00 5.037847634633147109e+00
1.324093937739010185e+00 5.267546146440913901e+00
1.357571048267153691e+00 5.392667528596470028e+00
1.370023859549009515e+00 5.438711176431526795e+00
1.582534574324103938e+00 4.398267009583147313e+00
1.605094245551672794e+00 4.476634062299670980e+00
1.668863479635059877e+00 4.660164423500771314e+00
1.745819992667766885e+00 4.879347152027459167e+00
1.832099296614241535e+00 5.122240506501094082e+00
1.861228664523344456e+00 5.245733930996290262e+00
1.870090834495447663e+00 5.290647718302596836e+00
2.074444994190070446e+00 3.957633832421082687e+00
2.034226676153888302e+00 4.203734067227880011e+00
2.116787834476679286e+00 4.432726908949826239e+00
2.221503287822338191e+00 4.673415983667320361e+00
2.341797619524203622e+00 4.936928358611210932e+00
2.349143344731109639e+00 5.058860597155865335e+00
2.347989440897599422e+00 5.100601162059398952e+00
2.404249176292403423e+00 3.585823121073457465e+00
2.457770237342149944e+00 3.878008148190490445e+00
2.565629630136963879e+00 4.153101226621320308e+00
2.701705617869009313e+00 4.428011865478931774e+00
2.932025416083680280e+00 4.693568342360389778e+00
2.808249284397442480e+00 4.826514585508326682e+00
2.785955096905526229e+00 4.876422325794878887e+00
2.755560657516152645e+00 3.202044160406469775e+00
2.890356944812240148e+00 3.524375364680588874e+00
3.029320307408947865e+00 3.805606640769566784e+00
3.140982577976712875e+00 4.110940107003379751e+00
3.162593906849516134e+00 4.506241583771657844e+00
3.189294151976260761e+00 4.582720810023678482e+00
3.172232504466602876e+00 4.628270437658498437e+00
-9.317161073878017438e-03 1.402404751902862172e-02
-9.564637824366025928e-03 1.414529125953506612e-02
-9.836877215280133077e-03 1.434386131184599809e-02
-9.893915560219641164e-03 1.443857255712886409e-02
5.579741777198826691e-01 5.145600707906700100e-01
5.447408250870845459e-01 5.033102843787357061e-01
5.165211662209455712e-01 4.790522300810493572e-01
4.407761179336588953e-01 4.123030380200039535e-01
8.621726607008345367e-01 7.834753255570590103e-01
8.625093177440152914e-01 7.848383073403651933e-01
8.977636161650774937e-01 8.176705712281742144e-01
8.653610533005258176e-01 7.892353496024757664e-01
1.195607804880433278e+00 1.079275586526253772e+00
1.222674611135355249e+00 1.106503325646973401e+00
1.305036404436973552e+00 1.182753774806960312e+00
1.197059519282347662e+00 1.086370990208834764e+00
1.677248681250845141e+00 1.510198835641721526e+00
1.698483304804856209e+00 1.537664587850178677e+00
1.626212407399503013e+00 1.475102972608814511e+00
1.505665623346287951e+00 1.365909893435627520e+00
2.111451333406719755e+00 1.896831616121993358e+00
2.035307753616456772e+00 1.842884651796626194e+00
1.936892839807224931e+00 1.759950975930543837e+00
1.809509162073534849e+00 1.644919200317201069e+00
2.433212922299979653e+00 2.182821289361515760e+00
2.379513825463480892e+00 2.154525788425858401e+00
2.272655766821970236e+00 2.068636967656260151e+00
2.129114301883060278e+00 1.940456493778273561e+00
2.674881802847556056e+00 2.398290543810000841e+00
2.718808309066949480e+00 2.460333209451000869e+00
2.642046085782024267e+00 2.409887736676600944e+00
2.486755222150716538e+00 2.272956534475708779e+00
2.937994667086482714e+00 2.624445516913492149e+00
3.034669940935160515e+00 2.736402496399856332e+00
3.144219654637405270e+00 2.875150500998295833e+00
2.908654258411077720e+00 2.671842757643115629e+00
3.231845520280694828e+00 2.893599925665932826e+00
3.467627889424527599e+00 3.133952215073672498e+00
3.659048433780059728e+00 3.368097565147271766e+00
3.645508742152762327e+00 3.406373659184593894e+00
4.294011463244255644e+00 4.152887566294583443e+00
4.640746614972091955e+00 4.570566072135820335e+00
4.911715927562907424e+00 4.856043681143595414e+00
3.447198371674844886e+00 3.074901274762321890e+00
3.708078801060343377e+00 3.311037935312020952e+00
3.854626898869549123e+00 3.488664992990997860e+00
4.111909841382043851e+00 3.842157215375006540e+00
4.545232974817469795e+00 4.384558141328256831e+00
4.829410787366241742e+00 4.725965548410306916e+00
5.035125608384729112e+00 4.930957789748995346e+00
5.147691444739920463e+00 5.018370275053161578e+00
3.702332845359788127e+00 3.259768709507996576e+00
3.971533731848394755e+00 3.496631783785298264e+00
4.239539352185405008e+00 3.793257093751543074e+00
4.556332429519044602e+00 4.205316209731943644e+00
4.812676234414122511e+00 4.549126408586830372e+00
5.051540739812027780e+00 4.827862838506081111e+00
5.245367141988282356e+00 5.013630193911560617e+00
5.396032561880550915e+00 5.100231542203363055e+00
3.984061366624697342e+00 3.394497617211956086e+00
4.335969448143357496e+00 3.688899386544182590e+00
4.680892409177550562e+00 4.060286250942877651e+00
4.832495168846271838e+00 4.377120868313807200e+00
5.068060307751486526e+00 4.632709216935878338e+00
5.312380562540315765e+00 4.891602695806583689e+00
5.500092533289537400e+00 5.062632104142987366e+00
5.626357625084894565e+00 5.123681602184589678e+00
4.485300980628783130e+00 3.498592084560751214e+00
4.791496300489357374e+00 3.874277106549138150e+00
4.983816040505355538e+00 4.068426002435569622e+00
5.078148715164173765e+00 4.313456115370933652e+00
5.388074052515985812e+00 4.654102377147886216e+00
5.616393596674441824e+00 4.909435103072557816e+00
5.744938887884706524e+00 5.054365378758560290e+00
5.786740209194620732e+00 5.099223223413457795e+00
4.774812427990156927e+00 3.368279124194363039e+00
4.920617970509102435e+00 3.658841441975023479e+00
5.095974226207755642e+00 3.924327781042164620e+00
5.273202445696429486e+00 4.180415754443862930e+00
5.480101926705438942e+00 4.474978852051324729e+00
5.666084447493187071e+00 4.752191803530751990e+00
5.770633367105646450e+00 4.933131607327332802e+00
5.810869750471550965e+00 5.003873740649773971e+00
4.795867120283158869e+00 3.273419260765811245e+00
4.929448063073181174e+00 3.523533408607301354e+00
5.082664404047926965e+00 3.775454632825284040e+00
5.263057794782297627e+00 4.041459092097414718e+00
5.455615298204653740e+00 4.322253522552196969e+00
5.637668385613267219e+00 4.606008121770683417e+00
5.765958544310588962e+00 4.844618926825952521e+00
4.897343207935830334e-01 -5.508602401626485623e-01
4.783695533215096551e-01 -5.376456753668606980e-01
4.539683762846726256e-01 -5.091624490939309355e-01
3.872999906586142016e-01 -4.337944684679758134e-01
7.581925981313839547e-01 -8.533629449052358984e-01
7.594921243132778388e-01 -8.535591966750496473e-01
7.917368265853432785e-01 -8.877755472209952758e-01
7.626961129170006792e-01 -8.544281023196095282e-01
1.053453976126652369e+00 -1.186028140427877187e+00
1.079929555455791945e+00 -1.212084610263335138e+00
1.156081950037778361e+00 -1.292651427418481047e+00
1.059309252410473912e+00 -1.184758134850645517e+00
1.482050310336822774e+00 -1.665787896787932931e+00
1.509485858652877432e+00 -1.686171902725649208e+00
1.447329650813190538e+00 -1.613392869749302960e+00
1.338329413592144190e+00 -1.492789583329924064e+00
1.868617720792366876e+00 -2.099910962930546798e+00
1.814674118743193176e+00 -2.023238880042582899e+00
1.731860137568080438e+00 -1.924254622055567188e+00
1.616952887899336444e+00 -1.796616006640069374e+00
2.154714138524753686e+00 -2.421740872598187266e+00
2.126064437978108401e+00 -2.367405351001856229e+00
2.040467819454629961e+00 -2.260025860324445190e+00
1.912368521706626856e+00 -2.116500552022379633e+00
2.370329775904139069e+00 -2.663964449641340160e+00
2.431983514226982557e+00 -2.707065620233749303e+00
2.381211543927306717e+00 -2.629405977994641930e+00
2.244371428832183657e+00 -2.473809555398500226e+00
2.597281879577494124e+00 -2.927790775352949737e+00
2.708817913561136770e+00 -3.023902905326075530e+00
2.846998744491187505e+00 -3.132090758805630593e+00
2.643251248913535356e+00 -2.895790351412270702e+00
2.867305612070557341e+00 -3.222088566740639148e+00
3.106676212415357963e+00 -3.456303661231656221e+00
3.340459864129473821e+00 -3.646429457188097079e+00
3.378257443525443993e+00 -3.631936390235875223e+00
4.127914500673256271e+00 -4.280997757956709115e+00
4.546269865858048043e+00 -4.626721577496138771e+00
4.832370765302193227e+00 -4.897476688646462684e+00
3.048879164907395189e+00 -3.437539232839561087e+00
3.284521502716993613e+00 -3.697427925739529275e+00
3.462132210797471465e+00 -3.842996050517514472e+00
3.816544620812804212e+00 -4.099099033528107228e+00
4.360399327849370010e+00 -4.532009843375909952e+00
4.702357740649305562e+00 -4.815462732164559334e+00
4.908025712393937035e+00 -5.020614311291963894e+00
4.996210302668581349e+00 -5.132803576692643865e+00
3.234216469172400910e+00 -3.693248691015577290e+00
3.471139816817445656e+00 -3.961210897596635139e+00
3.768818890022261670e+00 -4.227828845902689814e+00
4.182010388441514515e+00 -4.543800463857526672e+00
4.526138017354067067e+00 -4.799261469559647608e+00
4.805493496003260034e+00 -5.037518282227053668e+00
4.991857866171853786e+00 -5.230717977829349330e+00
5.078961384026700721e+00 -5.380960242645850933e+00
3.369800076375296882e+00 -3.975788284219729185e+00
3.665100572060929540e+00 -4.326162656660201833e+00
4.037781789391641674e+00 -4.669537956305392257e+00
4.354841625432168684e+00 -4.819779207529141019e+00
4.611271161944648256e+00 -5.054877050822336848e+00
4.870516630762945276e+00 -5.298338053045574370e+00
5.042272074454816178e+00 -5.485256418923754040e+00
5.103803236343874339e+00 -5.611324743490825995e+00
3.476013017705019248e+00 -4.479511046372867789e+00
3.853289188364327433e+00 -4.782619655547373227e+00
4.048263818348318388e+00 -4.973555711345098551e+00
4.293556030088545583e+00 -5.066569462603505158e+00
4.634812712783953792e+00 -5.375047931677763735e+00
4.889726484060098244e+00 -5.602253505598725702e+00
5.034836104413037638e+00 -5.730249406946072099e+00
5.079784894255374716e+00 -5.771997390459788768e+00
3.346830967998861706e+00 -4.771227506997020029e+00
3.637639279537211667e+00 -4.913887550074220734e+00
3.903898903719976055e+00 -5.086964976718459930e+00
4.161020570014312803e+00 -5.262480042757723631e+00
4.456125471655200343e+00 -5.467956329043857977e+00
4.733138166418309645e+00 -5.652728979920579100e+00
4.913976248598039831e+00 -5.756359957600880151e+00
4.984366229237038759e+00 -5.796186807026264098e+00
3.252188683608091324e+00 -4.793109660820123352e+00
3.502415228396861924e+00 -4.924310837341358216e+00
3.755020817823581325e+00 -5.075056907197646794e+00
4.021825974353713917e+00 -5.253224721339091907e+00
4.303209216779428914e+00 -5.444184234777041276e+00
4.587361572096187778e+00 -5.625060212460613052e+00
4.825790452175204415e+00 -5.752187033575981268e+00
-5.764578518465217627e-01 -4.864717094670364950e-01
-5.636965143595389360e-01 -4.746374097366713452e-01
-5.363850587323688579e-01 -4.494998156644940401e-01
-4.608870434232690272e-01 -3.825452238444561059e-01
-8.809763201100152541e-01 -7.551847318490003680e-01
-8.826657596793303640e-01 -7.549980187070547410e-01
-9.202126913257622220e-01 -7.855040855229182828e-01
-8.882215143154980064e-01 -7.567533164930752010e-01
-1.216674334465401630e+00 -1.049190588391717638e+00
-1.247694554780315768e+00 -1.072119261319937511e+00
-1.335205270318559290e+00 -1.142836824083912850e+00
-1.225553798039204834e+00 -1.048181645727167099e+00
-1.704685653216626351e+00 -1.473326048101712304e+00
-1.735347405897122108e+00 -1.489724999147085782e+00
-1.665179329642547446e+00 -1.424760188950516371e+00
-1.542194519315471357e+00 -1.318354178536196519e+00
-2.142172038891760000e+00 -1.856984412825538389e+00
-2.079798340621878516e+00 -1.786875549252251894e+00
-1.985900527390359382e+00 -1.698513530623343648e+00
-1.856384357349015968e+00 -1.585690072439977838e+00
-2.466433607481483214e+00 -2.141411371056794799e+00
-2.431623188475287023e+00 -2.090690596948978186e+00
-2.333564102503345339e+00 -1.994159668944258001e+00
-2.188762872664699266e+00 -1.867247622894639303e+00
-2.710375555662777547e+00 -2.355165735926543658e+00
-2.777141524859547683e+00 -2.390346168641630964e+00
-2.717465692282423628e+00 -2.319466881435436889e+00
-2.562739482001024527e+00 -2.181815303765357594e+00
-2.968098489317945621e+00 -2.588354945995464895e+00
-3.090516871065232429e+00 -2.670531067043904194e+00
-3.241460495415753762e+00 -2.761608540359373087e+00
-3.009968765596530371e+00 -2.551692920211340088e+00
-3.272083327018560972e+00 -2.847065398755896926e+00
-3.539279576200815125e+00 -3.051148317823713541e+00
-3.795445917116963219e+00 -3.212464233262245727e+00
-3.831473812168991966e+00 -3.194495765352522110e+00
-4.651549826163607904e+00 -3.747424461664354389e+00
-5.106976867948042731e+00 -4.040848069373113916e+00
-5.422893043038867766e+00 -4.275435026024223539e+00
-3.478500377433497270e+00 -3.038375703406708261e+00
-3.744932286181598791e+00 -3.268385796334378313e+00
-3.939335582355318888e+00 -3.391972247954855746e+00
-4.321438207614014537e+00 -3.604378398700683217e+00
-4.911224288293023044e+00 -3.968475852654314018e+00
-5.283827189691399084e+00 -4.209321603862036021e+00
-5.512002569661627938e+00 -4.389497050306902182e+00
-5.612482253278864519e+00 -4.490689172155628128e+00
-3.692903548264281355e+00 -3.269358692116828724e+00
-3.961544086043494950e+00 -3.507617660162981821e+00
-4.289011478351410389e+00 -3.737197413496784026e+00
-4.735417870673781060e+00 -4.001430949789177127e+00
-5.106788374194445979e+00 -4.214004973638576068e+00
-5.411787792623298898e+00 -4.417951546562023601e+00
-5.619610579754890090e+00 -4.588484080578547619e+00
-5.724313141504723923e+00 -4.727313929979144902e+00
-3.860983807264015688e+00 -3.533602817379994931e+00
-4.196774448158481441e+00 -3.846825235294703660e+00
-4.606956130099902680e+00 -4.144095192103623759e+00
-4.939442347323779181e+00 -4.255339330074088267e+00
-5.220989093164233097e+00 -4.458170299598497976e+00
-5.506911864277480362e+00 -4.669779567521868735e+00
-5.699527882488274244e+00 -4.835408162719443403e+00
-5.775778839916892338e+00 -4.953184339720275275e+00
-4.025639631976443589e+00 -4.021868037242292360e+00
-4.436237593619761554e+00 -4.278975799093644561e+00
-4.652238775847817642e+00 -4.445849004348635169e+00
-4.906531890045182642e+00 -4.508573050487840739e+00
-5.280849689232127275e+00 -4.774662745965027710e+00
-5.561442752986491378e+00 -4.969582542077386478e+00
-5.721091140454841018e+00 -5.079678227085247855e+00
-5.771099614868187011e+00 -5.115648691750411814e+00
-3.931844697805177535e+00 -4.327911061745945531e+00
-4.238376190840418722e+00 -4.435913290044802615e+00
-4.523124122297280003e+00 -4.576383904221140497e+00
-4.798479331140703685e+00 -4.720211083761407522e+00
-5.114924863398454313e+00 -4.888605028576964884e+00
-5.411320146370558248e+00 -5.038537865546494743e+00
-5.603818379137418759e+00 -5.119944936772367505e+00
-5.678887430034660788e+00 -5.151370978564184355e+00
-3.840502242656358867e+00 -4.360818418089634108e+00
-4.105077185912961113e+00 -4.462318644077813090e+00
-4.373936997973632224e+00 -4.582378755702500861e+00
-4.659440168832524876e+00 -4.727930732119661528e+00
-4.960969911270100674e+00 -4.883503136846781167e+00
-5.263647369815172894e+00 -5.028774616389219076e+00
-5.515596909869202591e+00 -5.126572395087722889e+00
-5.092852857665951527e-01 5.786968113427978233e-01
-4.980893847962017951e-01 5.655430289120612075e-01
-4.741611792638604772e-01 5.373060185299753932e-01
-4.075672089313571722e-01 4.620240350377429195e-01
-7.785774556114523071e-01 8.812671501977455968e-01
-7.801063737666498188e-01 8.813502279368400361e-01
-8.130396195447612273e-01 9.156769146061245479e-01
-7.846204550123818677e-01 8.828954082319320218e-01
-1.074796919971768849e+00 1.212263779126491414e+00
-1.101694536269074209e+00 1.238213889760910735e+00
-1.178804356126280872e+00 1.318854808319368299e+00
-1.082105888324885301e+00 1.211718558934968826e+00
-1.503243435415894780e+00 1.688651080472463928e+00
-1.531977225695208666e+00 1.709395499829545084e+00
-1.470460149835978392e+00 1.637366061734052858e+00
-1.361611371131295600e+00 1.517501879676108834e+00
-1.889551519013147551e+00 2.121213004858740536e+00
-1.837019436055502331e+00 2.045049468203157250e+00
-1.755012806243652745e+00 1.946671539805078677e+00
-1.640360699193856853e+00 1.819585334580348324e+00
-2.175234893551999171e+00 2.441924352311352298e+00
-2.148024962277333749e+00 2.388265668376806872e+00
-2.063262469957249490e+00 2.281435550335653151e+00
-1.935598621600705060e+00 2.138255487983632186e+00
-2.390078659609051748e+00 2.682860527401512929e+00
-2.453103574918487073e+00 2.726696500009774926e+00
-2.403670788254464785e+00 2.649960608192396094e+00
-2.267606107054772835e+00 2.495059521167220851e+00
-2.615265863925856138e+00 2.944609104610177663e+00
-2.727740399283237416e+00 3.041018192393384112e+00
-2.867403571801430129e+00 3.150081034960069637e+00
-2.665305409783737201e+00 2.915643355032934370e+00
-2.884102138130054005e+00 3.237242402454610257e+00
-3.124961007160917514e+00 3.471956878483728470e+00
-3.359655124157244099e+00 3.662551720065773786e+00
-3.398063814234772995e+00 3.648563519206046379e+00
-4.145428713331128279e+00 4.295719846892692928e+00
-4.563206032365460629e+00 4.641170437260250026e+00
-4.848644132554685626e+00 4.911445683286828512e+00
-3.065183001034573085e+00 3.451846103541972965e+00
-3.301924371629037847e+00 3.711888624022714023e+00
-3.480165939839896527e+00 3.857941693278477580e+00
-3.834423167204718208e+00 4.114349148797740163e+00
-4.377265396398715147e+00 4.546257784511714028e+00
-4.718667360878157524e+00 4.829318213194219389e+00
-4.923559779902308975e+00 5.034310078577433067e+00
-5.010858636067649030e+00 5.146770762187177439e+00
-3.250121926033835873e+00 3.706351829919200203e+00
-3.487782198990948768e+00 3.975019595098883141e+00
-3.785513469354484517e+00 4.242057755041170886e+00
-4.197989388138537947e+00 4.557553790363066071e+00
-4.541978217387797834e+00 4.812956375786430208e+00
-4.820714459834371191e+00 5.051013136878790277e+00
-5.006355625236031059e+00 5.244216458928292468e+00
-5.092972346331087863e+00 5.394053577235915498e+00
-3.385149279502554620e+00 3.988093196692813702e+00
-3.680593033138541692e+00 4.339155617439463875e+00
-4.052667372768837595e+00 4.682371486166739594e+00
-4.370024320572009735e+00 4.833019150313717205e+00
-4.625878288855300724e+00 5.067697230635684669e+00
-4.884418035163565541e+00 5.311309420399216386e+00
-5.055668394427069501e+00 5.498107994879510407e+00
-5.116776804874825224e+00 5.623745970380731762e+00
-3.489558677583112889e+00 4.489837392090008095e+00
-3.866331192270776373e+00 4.793980495588488822e+00
-4.061026872505253849e+00 4.985276661656945940e+00
-4.306369642538843578e+00 5.078633639067194672e+00
-4.647388000459907964e+00 5.387283345585787586e+00
-4.902606765006832568e+00 5.614173349401098356e+00
-5.047368786759388826e+00 5.742009758988842805e+00
-5.092670599879025595e+00 5.783658224608157816e+00
-3.359002994822341215e+00 4.780069640269857700e+00
-3.650481675345886856e+00 4.924147073338976277e+00
-3.916929301862644763e+00 5.098127627118484106e+00
-4.173505972404428555e+00 5.274124103998959257e+00
-4.468334096840504088e+00 5.479824354507723427e+00
-4.745328208261558878e+00 5.664206108754348712e+00
-4.926353882075691359e+00 5.767831063879536480e+00
-4.997073222408705107e+00 5.807996208898160262e+00
-3.263875552123764567e+00 4.801832825387228887e+00
-3.515201148412206766e+00 4.933912676409577536e+00
-3.767530374070481525e+00 5.085739671875940004e+00
-4.034319331996130131e+00 5.264762780407489906e+00
-4.315404547239567457e+00 5.455929109024198809e+00
-4.599508843989965179e+00 5.636641532744093297e+00
-4.837997936686475597e+00 5.763471645810749777e+00
5.783946461001847617e+00 5.093363784228521318e+00
5.694389990712240390e+00 5.013098057125508156e+00
5.467995460833230403e+00 4.838647839763966729e+00
4.960574282845905181e+00 4.583070368168091768e+00
4.218749694556771956e+00 4.572400879495083004e+00
3.489863984402405528e+00 4.705503385693320162e+00
2.707246377084414846e+00 4.911319457824068202e+00
2.128645940543547166e+00 5.097638777373028063e+00
1.598267896154616841e+00 5.253998372598272404e+00
1.066742595942302252e+00 5.369896718561947502e+00
3.466815290359909207e-01 5.451507430423282230e+00
4.654043739137978086e+00 4.368361893631978354e+00
3.927847671422696862e+00 4.478542642425725084e+00
5.799653637755242563e+00 5.076575002197122544e+00
5.732568014812215118e+00 4.972542114938983460e+00
5.578167037581123644e+00 4.721163714868477079e+00
5.328108648363954813e+00 4.173661818381433797e+00
5.230594158750722755e+00 3.447305340040255572e+00
5.218928221205921147e+00 2.773017541840951949e+00
5.271658446252279084e+00 2.052757652766068031e+00
5.355875188886065175e+00 1.466539245787561452e+00
5.425570043004923626e+00 9.241816269506679671e-01
5.459241942450143270e+00 3.846903633653769305e-01
5.434607612314796832e+00 -3.380941492092557343e-01
5.134499756360029643e+00 3.822621171948451302e+00
5.081874846602098650e+00 3.183190017277646167e+00
5.074128426925728519e+00 -5.769068491790807940e+00
4.993506445752987410e+00 -5.679822981954063543e+00
4.819615877804751314e+00 -5.454226683008413623e+00
4.564499003056562643e+00 -4.948018872073005170e+00
4.554341404251957215e+00 -4.206223238341940451e+00
4.687077901932243940e+00 -3.477156565321674719e+00
4.892965008645053793e+00 -2.694984197021025096e+00
5.078762695780776326e+00 -2.117598630157211392e+00
5.234982518868839030e+00 -1.588164545277248818e+00
5.351411978086739296e+00 -1.057650222040692922e+00
4.349135191437284220e+00 -4.642327249438928050e+00
4.460463303892505671e+00 -3.915341551914867768e+00
5.057364399796386856e+00 -5.784939891520230582e+00
4.953091172474689330e+00 -5.718280885746137798e+00
4.701840923341585210e+00 -5.565113692814933621e+00
4.154671744104010855e+00 -5.317508072771676808e+00
3.429145876163054663e+00 -5.223799561058628527e+00
2.755016325985209846e+00 -5.215764955883702036e+00
2.035299175021831442e+00 -5.272735821960924163e+00
1.450090163996413217e+00 -5.360924337468262912e+00
9.085844761766410649e-01 -5.435465617103536928e+00
3.695663250551067258e-01 -5.474958351940856893e+00
-3.529232780924782542e-01 -5.459175043984828335e+00
3.803468023028488965e+00 -5.125677021239412490e+00
3.164438884124416429e+00 -5.076540560926351198e+00
-5.750153129990743572e+00 -5.131249965917583644e+00
-5.638370388984786707e+00 -5.077265793170323782e+00
-5.370246302261340254e+00 -4.954871191285948662e+00
-4.798921335964730694e+00 -4.775526274193476084e+00
-4.069824897011872444e+00 -4.769537390289856127e+00
-3.402538948609234559e+00 -4.842003814459294730e+00
-2.699247918123220735e+00 -4.984486908725549448e+00
-2.131536935472745142e+00 -5.141967527224582390e+00
-1.603245336164274892e+00 -5.282012444183447286e+00
-1.072234280532270656e+00 -5.387150001559883883e+00
-4.428145963132497975e+00 -4.626913787427671565e+00
-3.789738717695334547e+00 -4.654478701040718036e+00
-5.764605010726502776e+00 -5.113628466816376950e+00
-5.674134633690639973e+00 -5.034041199927584920e+00
-5.473089023410929066e+00 -4.830930249383548869e+00
-5.158353948417750523e+00 -4.358096899799559054e+00
-5.056332158394104326e+00 -3.620391068837690352e+00
-5.097498282831921301e+00 -2.876590725627433898e+00
-5.202356509529946216e+00 -2.069043669669642149e+00
-5.312289408484698328e+00 -1.470119090964480568e+00
-5.397456981539142440e+00 -9.244658315606324450e-01
-5.441711023299203198e+00 -3.833922803004716773e-01
-5.426590932664917766e+00 3.416151360507910240e-01
-4.907898652256968752e+00 -4.080110690707804189e+00
-4.927739602634382265e+00 -3.342527791123774961e+00
-5.086703655776159572e+00 5.780803310365393521e+00
-5.006231194135418505e+00 5.691652625879372707e+00
-4.831953369995368064e+00 5.466053369551241659e+00
-4.576313705432631274e+00 4.959893860169903412e+00
-4.564691783633150202e+00 4.217751191689189660e+00
-4.696364305235880110e+00 3.487786765023805913e+00
-4.899801072226098064e+00 2.704094535774224095e+00
-5.083597275675075799e+00 2.125242077100598426e+00
-5.237403514087448642e+00 1.594379558958998855e+00
-5.350183423061624310e+00 1.062075025181704158e+00
-4.360892069728452114e+00 4.654170663191396606e+00
-4.470497431581640591e+00 3.926869891116495648e+00
-5.069977753145595400e+00 5.796652886865040877e+00
-4.965706004298524157e+00 5.729969147109873262e+00
-4.714489590736311797e+00 5.576958044356824296e+00
-4.167002697479638584e+00 5.329386131862768217e+00
-3.440945295003758897e+00 5.234667609689862111e+00
-2.766502886650578752e+00 5.225351168227007292e+00
-2.045495857133758477e+00 5.280636690822064772e+00
-1.459122558990913809e+00 5.366810368834193490e+00
-9.164958631933478594e-01 5.438484453072793379e+00
-3.769555661290830417e-01 5.474117169260849458e+00
-3.815711991817674953e+00 5.137031025215746283e+00
-3.176382046686248461e+00 5.086809713789633314e+00
3.733633053852275507e-02 7.553302967102596410e-01
7.996906514485012385e-02 1.442073216658156021e+00
4.423999779162288148e-01 9.085413458450134483e-01
5.953134024124312473e-02 1.107302738351274130e+00
6.159540193284056553e-01 1.261826412896419392e+00
7.536941898138473095e-02 1.364215140323091324e+00
1.046773751267622066e+00 9.439363222337783244e-01
6.035543720552969393e-01 1.267043652463600845e+00
7.702374049580786031e-02 1.384499884349383647e+00
1.493221467634757493e+00 1.694984538121302453e+00
1.261707892498109551e+00 1.754697902965240752e+00
4.299928802938616235e-01 1.448610366804517380e+00
1.884616708064889012e+00 2.054476153306227459e+00
1.800525608836110125e+00 2.112193048401361573e+00
2.190593133855868402e+00 2.359130691807687530e+00
2.102546609130331756e+00 2.432930685069997878e+00
2.440324314522790861e+00 2.664162173892560936e+00
2.282957847667427931e+00 2.835827443099041112e+00
2.624387112947467404e+00 2.940122706992971402e+00
2.451381357084659651e+00 3.114390912168440551e+00
2.299153738329726249e+00 3.365890139400289804e+00
7.322685192913978014e-01 -3.083939021319884177e-02
1.418464412873912561e+00 -7.362694494067249795e-02
9.344954869018804455e-01 3.512748094388079001e-01
1.084142742159505124e+00 -5.277001936061470611e-02
1.306423126774809207e+00 4.794233522365643485e-01
1.340805859464017313e+00 -6.889158790014840439e-02
1.311241875523779354e+00 4.650419773518759681e-01
1.361112569817819473e+00 -7.034046931467630159e-02
1.841925332384926284e+00 1.298375465857405597e+00
1.873676235108104882e+00 1.059453507564488417e+00
1.468608913044679998e+00 2.725615993947708704e-01
2.245948957933332046e+00 1.643204207349700408e+00
2.294605261733788204e+00 1.550339499818651490e+00
2.585142454317466143e+00 1.908371054095860053e+00
2.649911061716510030e+00 1.808427910095541158e+00
2.919428112967654254e+00 2.115721783534081357e+00
3.072287499637197161e+00 1.933048250115372957e+00
3.217610210962974282e+00 2.259531262612676450e+00
3.370363351536833196e+00 2.062236467804845930e+00
3.603813781729663379e+00 1.875329709232860020e+00
8.841151766402793877e-01 -4.345123675915490424e-01
1.236763444688790292e+00 -6.077179173528426404e-01
9.190662468251388217e-01 -1.037466571492076994e+00
1.242095329567014073e+00 -5.949519748816340936e-01
1.667006089894090159e+00 -1.481205166842093801e+00
1.726472192469910460e+00 -1.249579010630207376e+00
1.423422126612710059e+00 -4.226693757052885636e-01
2.026474075818392784e+00 -1.872663553287807314e+00
2.084114300338357761e+00 -1.788797989172203673e+00
2.331235515239970191e+00 -2.178448872128524005e+00
2.405158562425820268e+00 -2.090157960565368622e+00
2.636783455118617336e+00 -2.428071609085697080e+00
2.808840891764097680e+00 -2.270024304894608935e+00
2.913844048333412484e+00 -2.612056942247307667e+00
3.088457101199146404e+00 -2.438557587232943025e+00
3.340594349891016446e+00 -2.286275895180918560e+00
-5.628343644829642695e-02 -7.272214467330883059e-01
-9.782097435045730704e-02 -1.414371477995511883e+00
3.259925232217193991e-01 -9.276272457502565683e-01
-7.821129221599366910e-02 -1.079300572075584386e+00
4.549366425690918314e-01 -1.299418941991104193e+00
-9.312118411269344753e-02 -1.336587814889202086e+00
4.410580368460397804e-01 -1.303948490201898069e+00
-9.407988266399602839e-02 -1.357032556935861001e+00
1.270190692826437040e+00 -1.831275581866345092e+00
1.030978985703109752e+00 -1.863629280726283310e+00
2.484691346386137811e-01 -1.462767064547742857e+00
1.614999883661327740e+00 -2.235755033889194721e+00
1.522119056574734675e+00 -2.284884896536563126e+00
1.880219399619850851e+00 -2.575283423685702733e+00
1.780601763733267839e+00 -2.640621768291782079e+00
2.088138118937647558e+00 -2.910711146651091763e+00
1.906211232625238283e+00 -3.064883599416158955e+00
2.232428653823530507e+00 -3.210247713862228736e+00
2.035927839744871459e+00 -3.364178045801139216e+00
1.850423029220777504e+00 -3.599642797201111577e+00
-4.608206816952605811e-01 -8.804800856159851197e-01
-6.337241360414952451e-01 -1.233947218216170150e+00
-1.063375493883906620e+00 -9.180830728031437182e-01
-6.198639081861126998e-01 -1.240667337718743601e+00
-1.515886501028328226e+00 -1.664840004082906555e+00
-1.283019722612894986e+00 -1.726926758716915922e+00
-4.475423718221080427e-01 -1.420906788018725164e+00
-1.908040395416985335e+00 -2.023619034567804231e+00
-1.822343130353362151e+00 -2.083976821649978994e+00
-2.214401765239378150e+00 -2.328078047486295432e+00
-2.124154445815429781e+00 -2.405440238956323196e+00
-2.463128401306140525e+00 -2.634915801053975049e+00
-2.302664348000455163e+00 -2.810471849084112961e+00
-2.643974322948527522e+00 -2.913568535315519625e+00
-2.468761062485496982e+00 -3.090569771064112015e+00
-2.314284787791131226e+00 -3.346633163960805124e+00
-7.510742992309370480e-01 5.882386962139749681e-02
-1.437908149564452343e+00 9.948236916856932621e-02
-9.530226818103065822e-01 -3.233482713974576983e-01
-1.103161989691564093e+00 8.020706619224328426e-02
-1.325555205531891101e+00 -4.523634474893255542e-01
-1.360209513889785615e+00 9.485584227741435115e-02
-1.329163620233076326e+00 -4.395045725039180007e-01
-1.380466376760997038e+00 9.581178986721117230e-02
-1.863503670358876096e+00 -1.266966935426106833e+00
-1.893096268068402477e+00 -1.029770285510141825e+00
-1.487534841761492865e+00 -2.460380302719694101e-01
-2.269034285341405610e+00 -1.611559522712654013e+00
-2.315389328531413771e+00 -1.520821607190717240e+00
-2.609425506215532042e+00 -1.877275001333789772e+00
-2.671396565907171894e+00 -1.780179880935004233e+00
-2.943352801333558144e+00 -2.087562229736701802e+00
-3.093498051026629003e+00 -1.909102636101677186e+00
-3.240107458088145709e+00 -2.235802129391938564e+00
-3.390582635059684158e+00 -2.041331088991240605e+00
-3.620421105149537411e+00 -1.857901401840251765e+00
-9.037170268544241214e-01 4.620329531638692200e-01
-1.257241922341521656e+00 6.336815118108475309e-01
-9.395219434398054403e-01 1.064405693949154186e+00
-1.262673566547051429e+00 6.205703871097997260e-01
-1.687096506534655482e+00 1.503601796479374642e+00
-1.746510088157764207e+00 1.271829243823947575e+00
-1.443828256456740622e+00 4.479849325690067885e-01
-2.046164987307199201e+00 1.893528674726109085e+00
-2.103477618021760254e+00 1.809258532208281256e+00
-2.350486040644090835e+00 2.198213219419428821e+00
-2.424075904357114730e+00 2.109877519846602656e+00
-2.654833673133566219e+00 2.446657378371589697e+00
-2.826146215216198243e+00 2.288489747571565314e+00
-2.930092654884303816e+00 2.629398834948105890e+00
-3.103911757739670207e+00 2.455581544749349643e+00
-3.354624967650943645e+00 2.302443131429790402e+00
-3.456275788175774966e-01 9.558590743302477488e-01
-4.744681257983879297e-01 1.326793481367495753e+00
-4.600238402116774150e-01 1.331678702918384305e+00
-1.291730770978219756e+00 1.854976443888744164e+00
-1.052785851709782783e+00 1.888505140689751727e+00
-2.673752734753431226e-01 1.490103859231570294e+00
-1.635977603170704064e+00 2.257467051175476414e+00
-1.543251641108042360e+00 2.306684622991332922e+00
-1.900679749634315074e+00 2.595338637447543562e+00
-1.801016421728154349e+00 2.660576823665478763e+00
-2.107725963660076030e+00 2.928547216901947525e+00
-1.925592993869318814e+00 3.082248026533852769e+00
-2.251084574079439626e+00 3.225690747938871894e+00
-2.054304648393328492e+00 3.379230475045013726e+00
-1.868010968395485527e+00 3.613220486280555033e+00
-9.915549670929007728e-03 1.445950443447857788e-02
3.571240263001806969e-02 7.317636670068721205e-01
2.852606543441717907e-02 6.209433291254387033e-01
2.044575678871084212e-02 4.948332812682399995e-01
4.308618790937370768e-01 8.949189594873900866e-01
3.973559516623375587e-01 8.218799737167039599e-01
5.497059675606968260e-02 1.038153077650405987e+00
4.885360851556732470e-02 9.441229560648265462e-01
6.564694978378972090e-01 1.192110083819347688e+00
6.797826777215684735e-02 1.247279260496350517e+00
7.086332398597412485e-01 -2.929103495115134570e-02
5.977153661368169724e-01 -2.230946405207501204e-02
4.715343648127283127e-01 -1.460041842195349861e-02
9.189795867960285358e-01 3.419890057572447795e-01
8.418450940482234968e-01 3.182413075548045645e-01
1.014957170554302790e+00 -4.822945689485606119e-02
9.208071283075737190e-01 -4.226466912004985671e-02
1.241858118640664976e+00 5.289258203192607199e-01
1.223773135813907453e+00 -6.163286622883442506e-02
8.703859139366034725e-01 -4.230896517253056044e-01
7.972935329736566823e-01 -3.897337586662862341e-01
1.166848393011095331e+00 -6.478147022623929052e-01
-5.491230492882261116e-02 -7.035021489611326118e-01
-4.815381616139174231e-02 -5.923429235251360669e-01
-4.032024454366141264e-02 -4.662908968586242375e-01
3.166875498032142855e-01 -9.120850394072265166e-01
2.926663293990959258e-01 -8.351248037112232181e-01
-7.407688952221222478e-02 -1.010007149074161337e+00
-6.837592409988851871e-02 -9.157481033514596191e-01
5.038826909518088204e-01 -1.234347356465941958e+00
-8.636664051350317894e-02 -1.219334085826237146e+00
-4.497667379165879997e-01 -8.661365922081434299e-01
-4.166702278181403374e-01 -7.925993542398617198e-01
-6.750823236595342447e-01 -1.163391060217431772e+00
-7.278717523204205619e-01 5.737499766325617617e-02
-6.173355661353131518e-01 5.080070369290651949e-02
-4.913353340710535089e-01 4.330345943285585086e-02
-9.382249644296134505e-01 -3.136014031163990023e-01
-8.614711255713380922e-01 -2.890625880764824962e-01
-1.034228983743059382e+00 7.597067300699922310e-02
-9.402632271204197645e-01 7.031635172305401860e-02
-1.261489381486817996e+00 -5.006976081762788411e-01
-1.243207171362037178e+00 8.827033990135937924e-02
-8.901863230567980123e-01 4.507279878368644632e-01
-8.172192237675005577e-01 4.176474553257943922e-01
-1.187470717354232042e+00 6.742865250608021110e-01
-3.362844299815493931e-01 9.401106534979193352e-01
-3.125393382996077829e-01 8.630158216145467076e-01
-5.240097183259093683e-01 1.261941053526409284e+00
