1.802394629372384038e+00 1.208307404721907341e+00
1.964200726720336077e+00 1.265793341883701961e+00
2.088985306379853579e+00 1.331200800022257491e+00
2.206996198951947097e+00 1.394604592720990244e+00
2.356483788530555845e+00 1.399566755253718986e+00
2.332968574222817892e+00 1.481692202121249080e+00
2.331907075063651469e+00 1.493608545887060268e+00
1.977837767204140951e+00 1.011504255046969281e+00
2.116180685838998876e+00 1.028186712371957023e+00
2.234289981749843168e+00 1.069454355745341090e+00
2.339955595827172719e+00 1.122651517620753880e+00
2.442736571464823481e+00 1.225599074596217086e+00
2.454016452999767672e+00 1.187233159865404675e+00
2.459037373717257058e+00 1.187266671774582560e+00
2.157762196212815731e+00 8.117980501033235097e-01
2.268470092394046844e+00 7.828271400673446623e-01
2.358348761479062805e+00 8.094251915627765914e-01
2.441811029935746280e+00 8.447618175145346076e-01
2.522462893226638414e+00 8.841480167878007501e-01
2.544709737589730736e+00 8.922281742843614083e-01
2.551888934135819742e+00 8.921844425471153750e-01
2.368662479954813715e+00 5.302963919574980034e-01
2.395116368679865104e+00 5.349045469620435922e-01
2.457074371666278623e+00 5.495791726421349610e-01
2.519960743085451149e+00 5.685138686989784640e-01
2.582234703288738498e+00 5.897043241204740216e-01
2.606249294244524339e+00 5.998987407414796413e-01
2.615196040610133998e+00 6.029527376746094403e-01
2.468663148229904625e+00 2.824521308683074494e-01
2.483985506521710462e+00 2.852298834202667832e-01
2.524832589249760506e+00 2.916268269797769319e-01
2.571742627893064181e+00 2.983658545926770045e-01
2.620162077359503794e+00 3.047117752752828701e-01
2.643123936822730169e+00 3.163542210715951097e-01
2.652205233022967956e+00 3.205651436825235345e-01
2.515642617088722943e+00 3.539578961298744941e-02
2.526670904003372797e+00 3.613405033425106522e-02
2.558020395162506677e+00 3.731200086498163981e-02
2.595353241071864936e+00 3.552012664600232711e-02
2.632926589347938773e+00 2.304307950718219658e-02
2.656040574446202118e+00 4.195968801744728860e-02
2.665067649422917739e+00 4.643199695268673127e-02
2.517139546611757428e+00 -2.098313272111009820e-01
2.526925778022094171e+00 -2.106693928488873879e-01
2.555353640007978377e+00 -2.129932086887724452e-01
2.589538969618752073e+00 -2.158142237030896415e-01
2.623769583578082543e+00 -2.186818684212888664e-01
2.645869638613282504e+00 -2.204974503814656761e-01
2.654565920744818897e+00 -2.212021670287911135e-01
2.474977068626058596e+00 -4.516412235931126506e-01
2.485751886815038780e+00 -4.542700767242683901e-01
2.516562025332008901e+00 -4.604104071251721164e-01
2.553683973675860308e+00 -4.647213787403613461e-01
2.592872010707301555e+00 -4.584806867294570210e-01
2.612513421968769567e+00 -4.809014019728469758e-01
2.620720655555273115e+00 -4.869149446480269261e-01
2.387448244881376080e+00 -6.880676720484344422e-01
2.402168166124203363e+00 -6.932869501573688531e-01
2.441510169519809370e+00 -7.061603636206212897e-01
2.486777670753396841e+00 -7.202871904738511466e-01
2.533556956769658086e+00 -7.345636031622621021e-01
2.554375101093544931e+00 -7.494749270075936609e-01
2.562651810839883026e+00 -7.552181676203123528e-01
2.247252490967038163e+00 -9.165131186938727526e-01
2.272700110203484059e+00 -9.254447949238385762e-01
2.331611765761802069e+00 -9.497127715841028328e-01
2.390782452730939145e+00 -9.784034625463736701e-01
2.448863297753499868e+00 -1.009322495776711293e+00
2.471028641861664266e+00 -1.023088392099445798e+00
2.479376621190883423e+00 -1.027545245381499717e+00
1.991655425567264048e+00 -1.159820675463069106e+00
2.106126581727206126e+00 -1.149089525380890153e+00
2.190805015837054004e+00 -1.189709084840754105e+00
2.267754592793990831e+00 -1.237841460747285405e+00
2.341207276982792074e+00 -1.289308204577345851e+00
2.362003548589854063e+00 -1.300734091776052148e+00
2.369076182176745871e+00 -1.301694229534288372e+00
1.780254487915644779e+00 -1.327415985249224217e+00
1.914629485352991489e+00 -1.366066749859931040e+00
2.024931970976015183e+00 -1.425525620360560408e+00
2.120993282839045868e+00 -1.494757544807185035e+00
2.206116316699826108e+00 -1.612315466424515398e+00
2.223681426169399789e+00 -1.576348116891230111e+00
2.228686859442669199e+00 -1.577302715214323081e+00
1.573844344954562713e+00 -1.492375241872861746e+00
1.724895866841413827e+00 -1.574947294851317681e+00
1.837997823372788497e+00 -1.659324933787713174e+00
1.944641275641341815e+00 -1.740571190042998762e+00
2.092169266638050917e+00 -1.769573469697576229e+00
2.055627695064292215e+00 -1.846298113552798492e+00
2.052681822775337395e+00 -1.857778695303658800e+00
1.207495695208146813e+00 -1.801767130987882215e+00
1.264971754371990276e+00 -1.963453347378119052e+00
1.330285111900559203e+00 -2.088185957520425795e+00
1.393598199429773921e+00 -2.206199512153641518e+00
1.398581011175211719e+00 -2.355656200597739502e+00
1.480687145521456971e+00 -2.332159122555398589e+00
1.492648216773075687e+00 -2.331110571281199029e+00
1.010374224920843167e+00 -1.977175381925970088e+00
1.027012562953098174e+00 -2.115540791320747349e+00
1.068125006770877850e+00 -2.233509340763367934e+00
1.121453652572949711e+00 -2.339197112653276012e+00
1.224474423629899000e+00 -2.441846055835752427e+00
1.186141920378183778e+00 -2.453478416598702694e+00
1.186119827298230733e+00 -2.458254250630176330e+00
8.103729938099696328e-01 -2.156951538510672339e+00
7.814659911733429221e-01 -2.267689547885053614e+00
8.081480467944919255e-01 -2.357508531843741650e+00
8.434369781112405207e-01 -2.441032003938559125e+00
8.828842838826846950e-01 -2.521707416139987501e+00
8.909668322254256090e-01 -2.543975917731275960e+00
8.909338353297784341e-01 -2.551093907033202157e+00
5.286222606144520553e-01 -2.367877459300298248e+00
5.334933098848494426e-01 -2.394324241697304512e+00
5.480785943908187408e-01 -2.456212976944167181e+00
5.671063822834840895e-01 -2.519077297818355099e+00
5.883677112385368169e-01 -2.581374318806598289e+00
5.984214140376586943e-01 -2.605436334520167208e+00
6.015311584295770508e-01 -2.614432409878768127e+00
2.808658080447368754e-01 -2.467803863311289536e+00
2.836612213877301447e-01 -2.483149228507806061e+00
2.900666624428239193e-01 -2.523992322151805467e+00
2.967358408993796548e-01 -2.570924605694876242e+00
3.033600359262188517e-01 -2.619331856036778650e+00
3.150227134618655556e-01 -2.642358497522028227e+00
3.192503060685416005e-01 -2.651427345325759966e+00
3.371813811762468943e-02 -2.514765030790664824e+00
3.452731171196952303e-02 -2.525801093674898912e+00
3.566417928705868656e-02 -2.557204982168642005e+00
3.394887376230974751e-02 -2.594504349391914211e+00
2.164283933305675284e-02 -2.632122447199192639e+00
4.075558847785484828e-02 -2.655289113347504948e+00
4.522467063065059578e-02 -2.664374883366654512e+00
-2.114457421625546840e-01 -2.516337889380042547e+00
-2.123134937757961416e-01 -2.526102775667514067e+00
-2.144718191262333928e-01 -2.554549316884107579e+00
-2.172410574754076451e-01 -2.588770546341931489e+00
-2.198314155791640523e-01 -2.623048959355955834e+00
-2.216015590917237987e-01 -2.645260550220751128e+00
-2.222042530526166237e-01 -2.653993193884043755e+00
-4.532482811736851525e-01 -2.474195161695114997e+00
-4.556826838636328092e-01 -2.484974885327796645e+00
-4.618569453117903900e-01 -2.515779639577717219e+00
-4.660898595865677341e-01 -2.552936494171740733e+00
-4.597504340084606067e-01 -2.592170776125991338e+00
-4.820190262768305201e-01 -2.611922383065100828e+00
-4.878431775280207550e-01 -2.620138585958293298e+00
-6.894943628487112397e-01 -2.386713057331800503e+00
-6.947049562182233684e-01 -2.401448693880424035e+00
-7.074702701544516303e-01 -2.440819204704115730e+00
-7.216507266024412282e-01 -2.486140959945049911e+00
-7.357474296565628125e-01 -2.532981900669425634e+00
-7.506283344913903255e-01 -2.553854268589649035e+00
-7.562768041295441224e-01 -2.562087968748339328e+00
-9.178226180028969949e-01 -2.246750948126643443e+00
-9.265921386915517699e-01 -2.272187305085918041e+00
-9.509915131541663014e-01 -2.331087356124161847e+00
-9.797291585035000638e-01 -2.390265060300011957e+00
-1.010519769787588729e+00 -2.448380648781474989e+00
-1.024191105220480402e+00 -2.470482273469325030e+00
-1.028584646309246953e+00 -2.478871281897959022e+00
-1.160888029317387771e+00 -1.991336626429542234e+00
-1.150356072961124632e+00 -2.105848133713446035e+00
-1.190992840754351523e+00 -2.190544149626022286e+00
-1.238930448330709089e+00 -2.267400179627053536e+00
-1.290504518269084633e+00 -2.340922272844861762e+00
-1.301798715647068727e+00 -2.361606927150584845e+00
-1.302938240664211378e+00 -2.368805087853095515e+00
-1.328266981255258994e+00 -1.780216428464310052e+00
-1.367050905633021785e+00 -1.914506195257120291e+00
-1.426655125759996867e+00 -2.024861168871192163e+00
-1.495937898790539622e+00 -2.120853586508513189e+00
-1.613398975534362734e+00 -2.206063748956668569e+00
-1.577437337768359038e+00 -2.223507468707527579e+00
-1.578243169098183518e+00 -2.228466834373323380e+00
-1.493364360182422690e+00 -1.574070150537464130e+00
-1.575975311094738762e+00 -1.724993012861836927e+00
-1.660437443510908384e+00 -1.838110737260886918e+00
-1.741685997492745441e+00 -1.944737795677599523e+00
-1.770661860998312687e+00 -2.092205645976442430e+00
-1.847324699466418307e+00 -2.055657459163379386e+00
-1.858780699364404931e+00 -2.052820977837528371e+00
-1.802620631260391404e+00 -1.208119635709998363e+00
-1.964359832220174296e+00 -1.265655313803799142e+00
-2.089071413426525581e+00 -1.331034038281739385e+00
-2.207014134028463026e+00 -1.394456109376559505e+00
-2.356508477993183526e+00 -1.399502651380296170e+00
-2.333002962177209483e+00 -1.481577077854240310e+00
-2.331939526509437144e+00 -1.493498675216430538e+00
-1.977970049969298927e+00 -1.011301560247586995e+00
-2.116247194894321115e+00 -1.028025410433503817e+00
-2.234306151602369450e+00 -1.069201598791543084e+00
-2.339934964553572083e+00 -1.122607146626986463e+00
-2.442729402701117269e+00 -1.225511459464110553e+00
-2.454050874492212042e+00 -1.187128269645806533e+00
-2.459051041815157657e+00 -1.187127921661709440e+00
-2.157779042618630072e+00 -8.116369378645588162e-01
-2.268472011571772917e+00 -7.827490718578725692e-01
-2.358347738846888753e+00 -8.092817390864350813e-01
-2.441820982245604288e+00 -8.446872464962864591e-01
-2.522462045306903100e+00 -8.839812329383108791e-01
-2.544735658803807699e+00 -8.921891028312091132e-01
-2.551960826867664789e+00 -8.921385008412393569e-01
-2.368584537655422650e+00 -5.301095915376060619e-01
-2.395045621293983462e+00 -5.349072333305542326e-01
-2.457006555963027861e+00 -5.494652959736072706e-01
-2.519979884311236873e+00 -5.684706597211381940e-01
-2.582241208987684722e+00 -5.896919982886384970e-01
-2.606313362676179857e+00 -5.998435608111029049e-01
-2.615268645953519933e+00 -6.028823655344738297e-01
-2.468556092102180077e+00 -2.824547858278057544e-01
-2.483932753846281649e+00 -2.853260149793786504e-01
-2.524790085821606134e+00 -2.916765523517089731e-01
-2.571744914475686983e+00 -2.984493443371848964e-01
-2.620201086093954412e+00 -3.049349382697231214e-01
-2.643209808820879303e+00 -3.165357606119125755e-01
-2.652287544016592502e+00 -3.208041856964101712e-01
-2.515577845192038531e+00 -3.555647216006517508e-02
-2.526616593397139177e+00 -3.638129324338213594e-02
-2.557997073257320952e+00 -3.735540223266150400e-02
-2.595326284864427180e+00 -3.573818739750919682e-02
-2.632992178683264406e+00 -2.330198630857466952e-02
-2.656159661777918846e+00 -4.231060824212761612e-02
-2.665244708566683052e+00 -4.683545756502902752e-02
-2.517088947428823165e+00 2.094961449645162954e-01
-2.526861692144412253e+00 2.102816047471459393e-01
-2.555288024276017644e+00 2.125733762888452616e-01
-2.589539643245198697e+00 2.153232044909593468e-01
-2.623864037931721960e+00 2.180636770398505786e-01
-2.646160668338173760e+00 2.198746243381192733e-01
-2.654888601386518499e+00 2.205961109287824518e-01
-2.474956420040728577e+00 4.512244283686869806e-01
-2.485710534413102302e+00 4.538050568992650358e-01
-2.516514747966312360e+00 4.599203446260523576e-01
-2.553684350439413997e+00 4.642281714247712410e-01
-2.592956519492061407e+00 4.578789529396414815e-01
-2.612674071762284722e+00 4.802547508871291004e-01
-2.620885373795143192e+00 4.861552360273865281e-01
-2.387432292060919892e+00 6.875787225923654100e-01
-2.402155395737524124e+00 6.927740125657709802e-01
-2.441517904635022607e+00 7.056035150656759791e-01
-2.486789056852635404e+00 7.196940019952037249e-01
-2.533622071872018378e+00 7.337912493074282283e-01
-2.554468481629464272e+00 7.487998688356723997e-01
-2.562756580388302119e+00 7.545533243111559596e-01
-2.247340036658904250e+00 9.159584454966138711e-01
-2.272786012507265863e+00 9.248789471913761995e-01
-2.331667170952217205e+00 9.491636078756898742e-01
-2.390835288462332286e+00 9.778622915523655923e-01
-2.448922624827693184e+00 1.008585750420697646e+00
-2.471126174931876029e+00 1.022370293698747989e+00
-2.479491114760742576e+00 1.026902158722033720e+00
-1.991836205475436383e+00 1.159382083937300578e+00
-2.106317752487383732e+00 1.148816304883427897e+00
-2.190952968846556548e+00 1.189255406498086920e+00
-2.267832526913355906e+00 1.237306026998864494e+00
-2.341225221054430872e+00 1.288746961611430208e+00
-2.362017858925780978e+00 1.300096084580329769e+00
-2.369138536174478116e+00 1.301213250547228473e+00
-1.780443617191858507e+00 1.326844518422864549e+00
-1.914857332283373070e+00 1.365690834930780806e+00
-2.025072150148076400e+00 1.425114214072222385e+00
-2.121092399214298041e+00 1.494265646272102677e+00
-2.206150216462055447e+00 1.611831666933716711e+00
-2.223681447761014507e+00 1.575798871158279102e+00
-2.228687955426603029e+00 1.576581669788498230e+00
-1.574142036856867488e+00 1.492340600077296964e+00
-1.725040426037799390e+00 1.574870983052098161e+00
-1.838064159835524070e+00 1.659069124854073207e+00
-1.944759245373590906e+00 1.740222123903240936e+00
-2.092189773446203827e+00 1.769010814866249115e+00
-2.055613857722979443e+00 1.845774379436470714e+00
-2.052678827245044246e+00 1.857258338004528886e+00
-1.207676799494051600e+00 1.801825184790041279e+00
-1.265032365329673558e+00 1.963631181861559716e+00
-1.330372697932000747e+00 2.088287293888561713e+00
-1.393757011858227202e+00 2.206116138114643466e+00
-1.398650496767242402e+00 2.355553297780393684e+00
-1.480767434587519693e+00 2.331882042608275363e+00
-1.492703861471683435e+00 2.330838130829750110e+00
-1.010521977395743010e+00 1.977509517199736777e+00
-1.027242639783956024e+00 2.115773928047893992e+00
-1.068358101045107533e+00 2.233727184576780100e+00
-1.121610224205080497e+00 2.339253262249074705e+00
-1.224530294039837486e+00 2.441879827455059715e+00
-1.186207001827625396e+00 2.453179969924766279e+00
-1.186174220248612299e+00 2.458181426642693790e+00
-8.106582796704497884e-01 2.157414042756910177e+00
-7.816302251394416922e-01 2.268065613815037462e+00
-8.082552890372062260e-01 2.357863129085678189e+00
-8.435136106115319610e-01 2.441277154913178205e+00
-8.829104562385337029e-01 2.521838579158849569e+00
-8.909549163512453518e-01 2.544116473539963508e+00
-8.909565294912276112e-01 2.551299824691411811e+00
-5.288625009439775759e-01 2.368296486868819439e+00
-5.336174732690004419e-01 2.394750429563062166e+00
-5.481694093258054901e-01 2.456654323894045699e+00
-5.672086559085880442e-01 2.519561803332801109e+00
-5.884387720017892898e-01 2.581746537345168235e+00
-5.984967002086497567e-01 2.605809361732708496e+00
-6.016143296556999420e-01 2.614774115332084037e+00
-2.809769356523494910e-01 2.468298454666628228e+00
-2.837722191129742888e-01 2.483652972731576813e+00
-2.902207179791312375e-01 2.524492941339954832e+00
-2.969000043778020070e-01 2.571373236996548517e+00
-3.034909777999786340e-01 2.619825723143552665e+00
-3.150662812982191197e-01 2.642809822987619572e+00
-3.191848248053483772e-01 2.651902464027954487e+00
-3.391457378128864136e-02 2.515336344370048050e+00
-3.470796652792947773e-02 2.526387598458332828e+00
-3.582186771850714990e-02 2.557748593819059391e+00
-3.414027486929886029e-02 2.595074248350491608e+00
-2.169183855333568778e-02 2.632702323995478100e+00
-4.060279557316723992e-02 2.655823589705131660e+00
-4.510928854822381096e-02 2.664911514552363858e+00
2.113172427272666798e-01 2.516931499505959291e+00
2.121353139186639980e-01 2.526709177282111529e+00
2.143363888721721844e-01 2.555133760881958427e+00
2.171349070107083667e-01 2.589403459736355995e+00
2.199325836471337781e-01 2.623665970184128504e+00
2.218595481557672222e-01 2.645808377801187383e+00
2.225103695375051094e-01 2.654515766603079197e+00
4.531394605215763316e-01 2.474821472680248213e+00
4.555565231733773035e-01 2.485609522422381978e+00
4.617639310322843582e-01 2.516428590866587101e+00
4.659895434530353930e-01 2.553646076452701585e+00
4.598681710025134262e-01 2.592897486833905418e+00
4.822176229076467480e-01 2.612600676574586611e+00
4.880838190996151793e-01 2.620821640515793582e+00
6.893829659140515709e-01 2.387350987507058875e+00
6.945381174975285843e-01 2.402077546850388323e+00
7.073883758960780588e-01 2.441475629928850033e+00
7.215538756731251224e-01 2.486821412011112287e+00
7.356695664195310735e-01 2.533716427299609997e+00
7.507743932934310971e-01 2.554580695008536129e+00
7.563694479658931158e-01 2.562892234262469149e+00
9.175461209895444670e-01 2.247252659646215012e+00
9.265019898110188334e-01 2.272703469671566445e+00
9.508892940089096468e-01 2.331695163727964815e+00
9.796023595629570480e-01 2.390918563572483890e+00
1.010423814831416411e+00 2.449105337645543390e+00
1.024047897407841745e+00 2.471297721059642516e+00
1.028629417945943425e+00 2.479666219022719886e+00
1.160750853906301616e+00 1.991757604314569940e+00
1.150220808872807643e+00 2.106322547707491832e+00
1.190802075701220319e+00 2.190983517722227880e+00
1.238941541871723340e+00 2.268001675543040552e+00
1.290367197182168413e+00 2.341423916490388724e+00
1.301734621251353419e+00 2.362324590413047876e+00
1.302807807483456815e+00 2.369501567540866382e+00
1.328039487260639362e+00 1.780415924628296231e+00
1.366877825357622589e+00 1.914881460401162583e+00
1.426523527367077326e+00 2.025167839454341312e+00
1.495752424248053547e+00 2.121341668814386239e+00
1.613437086484970084e+00 2.206454593313341039e+00
1.577404507182695426e+00 2.224124671748679560e+00
1.578150568978086143e+00 2.229059902927561065e+00
1.493123776437459416e+00 1.574280903839370804e+00
1.575816061321970496e+00 1.725228923975402839e+00
1.660303768550549730e+00 1.838354185412053532e+00
1.741592701698447820e+00 1.945191009343927080e+00
1.770515958429477399e+00 2.092625258677297317e+00
1.847288715496004041e+00 2.056109190139612686e+00
1.858799078468754251e+00 2.053244650637561008e+00
2.957965081661077973e-04 9.189407286044373702e-05
2.905484065188217082e-04 1.215758528067014240e-04
2.712546252647164832e-04 1.156641759255693826e-04
2.633085318423622175e-04 1.155655810742477825e-04
2.246310366329623276e-01 1.880781955248046200e-01
2.222456340899480742e-01 1.860961769169382773e-01
2.151225362366178395e-01 1.800998821799751903e-01
1.885999064649400425e-01 1.578808739660416127e-01
3.753406096075367904e-01 3.146681099558070738e-01
3.784169358539883343e-01 3.173190083605548217e-01
3.927621566860391988e-01 3.293280947318422691e-01
3.726091704962137818e-01 3.121511774443700427e-01
5.411873761906010882e-01 4.544761569127736545e-01
5.518307744038906115e-01 4.633770448132292219e-01
5.994925683809413375e-01 5.032823162950508245e-01
5.417550629928380435e-01 4.545112934598090626e-01
7.778934542242454953e-01 6.542492633761208820e-01
8.161699303203800993e-01 6.861613452087773624e-01
7.854669880037905560e-01 6.600938664231167374e-01
7.184785813273654176e-01 6.035127032705936978e-01
1.045685699367895349e+00 8.806404835636461037e-01
1.020405624315884774e+00 8.588943505415410629e-01
9.750917675364096926e-01 8.203599238484458045e-01
9.029563756397235297e-01 7.592592629004702998e-01
1.241096121796487539e+00 1.046142895306960918e+00
1.226731842511638915e+00 1.033804658111452612e+00
1.177511264823254633e+00 9.919460898016780881e-01
1.098008353698190387e+00 9.244569363121760697e-01
1.382996051699666218e+00 1.166498956794864039e+00
1.422320912333551624e+00 1.199810209971583719e+00
1.395202726061702370e+00 1.176739709750598939e+00
1.311800959824235946e+00 1.105915186226928970e+00
1.536194125945647082e+00 1.296393498296946500e+00
1.589706345978010749e+00 1.342011031483702155e+00
1.664589043018224190e+00 1.405713384912407937e+00
1.560366645922896200e+00 1.317187661219423767e+00
1.698996998880790477e+00 1.434921785622352841e+00
1.815743884207217329e+00 1.534167844418986348e+00
1.921827738747095227e+00 1.624522400043186154e+00
1.919273283732880309e+00 1.622448103736022551e+00
2.256052035880109941e+00 1.909280329504694285e+00
2.459596444222878819e+00 2.082786833817925398e+00
2.596892729804168631e+00 2.199592079464829819e+00
1.802196651175235420e+00 1.522768483611212975e+00
1.931404817217551528e+00 1.632607418125091359e+00
2.014608205703349419e+00 1.703615268538597904e+00
2.156312063667400469e+00 1.824289786713238604e+00
2.393550555211592545e+00 2.026426892551195902e+00
2.549121793347879805e+00 2.159160418455055908e+00
2.644067216674082843e+00 2.239769539081528205e+00
2.684880060060930607e+00 2.274551924174460282e+00
1.913589105372392796e+00 1.617781905832252676e+00
2.050451466531229006e+00 1.734339684992987518e+00
2.194308275539297082e+00 1.856938540418139771e+00
2.363867486211244096e+00 2.001422577894987676e+00
2.509039739363753352e+00 2.124922380782554576e+00
2.624582730832733635e+00 2.223110442944600695e+00
2.702420771681221190e+00 2.289615453339145734e+00
2.746799324684021215e+00 2.327409765761430993e+00
2.010528304756116214e+00 1.700598178629537882e+00
2.187485760698155257e+00 1.851315854884168388e+00
2.362562061946924530e+00 2.000609318090269984e+00
2.477033090319165076e+00 2.097821910352566821e+00
2.584619389452053717e+00 2.189449824285155000e+00
2.686179224036359336e+00 2.275743959069347344e+00
2.755441951859452843e+00 2.334830775912672518e+00
2.789983273915246365e+00 2.364185397545849998e+00
2.144223764311445901e+00 1.814940127843749806e+00
2.329482528425762311e+00 1.972603849462366776e+00
2.435100177394893706e+00 2.062481484791689024e+00
2.508785867893614352e+00 2.125170996382052646e+00
2.640220704198913193e+00 2.236966871053098327e+00
2.738589721963728074e+00 2.320747866793215319e+00
2.793878021082153662e+00 2.367765418361833518e+00
2.811424708800928318e+00 2.382575346036204245e+00
2.171273893955524059e+00 1.838346919617769526e+00
2.309818373986829876e+00 1.956173874602644469e+00
2.430318665097498609e+00 2.058578710808978141e+00
2.533205391301379006e+00 2.145985103611093070e+00
2.635319908502566921e+00 2.232693116955243084e+00
2.724359555294056268e+00 2.308481014292380618e+00
2.778483592648421041e+00 2.354481900267992422e+00
2.799702720180050175e+00 2.372655722219642271e+00
2.151763847278227448e+00 1.821672806759948582e+00
2.273203380400732332e+00 1.925042886762734717e+00
2.388981058368903287e+00 2.023623171330243053e+00
2.500997126880711630e+00 2.118611351006908450e+00
2.604057353257810181e+00 2.206343149447453023e+00
2.695013172249622446e+00 2.283543810309458966e+00
2.762806602061692818e+00 2.341236931640507724e+00
1.879094490775830850e-01 -2.240313419969486297e-01
1.859700813367629602e-01 -2.216570523919946523e-01
1.799832169711648167e-01 -2.145963986420981184e-01
1.579276490672225919e-01 -1.881573250346635917e-01
3.143363661226777350e-01 -3.748491661805106179e-01
3.168173432423690428e-01 -3.780123536636262327e-01
3.289350569747907516e-01 -3.924561565546781927e-01
3.118836716055486402e-01 -3.722215562942305378e-01
4.537720852076692624e-01 -5.410001050651123133e-01
4.628519059026263704e-01 -5.516056268290610021e-01
5.027017846505048571e-01 -5.994710528188671450e-01
4.540403026482431326e-01 -5.417225267705207958e-01
6.535484729518076241e-01 -7.778518230116643339e-01
6.854148445375245480e-01 -8.161888632747767991e-01
6.594596509108410221e-01 -7.855983082509623294e-01
6.028884234430460509e-01 -7.185771318265800067e-01
8.798720292610889837e-01 -1.045612551525551659e+00
8.581571931206705139e-01 -1.020498107927804377e+00
8.196388598662021074e-01 -9.752583202992380906e-01
7.586133108755344079e-01 -9.031950938715711530e-01
1.045343640678880082e+00 -1.241007138014324163e+00
1.033052275456982860e+00 -1.226666077621084705e+00
9.911324128684332324e-01 -1.177459286538603545e+00
9.237710759893305035e-01 -1.098107278403462228e+00
1.165771247754370243e+00 -1.382896744235597719e+00
1.199196086767662983e+00 -1.422084135549776640e+00
1.176110513497005572e+00 -1.394843641182194727e+00
1.105194144623906194e+00 -1.311856449543078229e+00
1.295801511831168984e+00 -1.535776280147205242e+00
1.341457105230623892e+00 -1.589290943016617552e+00
1.405193932650633304e+00 -1.664223818142592570e+00
1.316624415294616268e+00 -1.560026998256756947e+00
1.434308153457571233e+00 -1.698353607447318225e+00
1.533682925634128891e+00 -1.815012742942139434e+00
1.623926166362864354e+00 -1.921006270860293963e+00
1.621866483210019361e+00 -1.918618880410443595e+00
1.908775335772232351e+00 -2.254998884376498314e+00
2.082121184032713401e+00 -2.458592300789668617e+00
2.199243740015433435e+00 -2.595977745395640301e+00
1.522199289251894072e+00 -1.801457143318917931e+00
1.632151852044994245e+00 -1.930618868389341269e+00
1.703036443101359598e+00 -2.013735402947650854e+00
1.823780044625551877e+00 -2.155370836509353794e+00
2.025974337047828921e+00 -2.392460127720326124e+00
2.158547318082007838e+00 -2.548248817779438902e+00
2.239461424283440749e+00 -2.643125655377774219e+00
2.274221020776583391e+00 -2.684072466978324911e+00
1.617130299250162384e+00 -1.912768919534491019e+00
1.733743131593219688e+00 -2.049605672177381432e+00
1.856266723145584718e+00 -2.193398453486153254e+00
2.000866159237813413e+00 -2.362806846684091688e+00
2.124459164995277760e+00 -2.507934274098907679e+00
2.222828437663700196e+00 -2.623563532995510261e+00
2.289343435911893820e+00 -2.701731524339080259e+00
2.327306394558743108e+00 -2.746298453012911089e+00
1.699925295177360907e+00 -2.009599705527147950e+00
1.850636151117264872e+00 -2.186537304144443805e+00
1.999914144840064800e+00 -2.361639167565180664e+00
2.097326197900349243e+00 -2.476030267162308007e+00
2.188961600355794790e+00 -2.583706827593048150e+00
2.275496822898014138e+00 -2.685318518893963446e+00
2.334870926571383620e+00 -2.755123351469147774e+00
2.364032980492956071e+00 -2.789348319680798216e+00
1.814269796117644606e+00 -2.143475068034159658e+00
1.972045231949456578e+00 -2.328563247926384250e+00
2.061870074889539328e+00 -2.434089996148387502e+00
2.124557223627403513e+00 -2.507800045652540000e+00
2.236499230264288762e+00 -2.639402075150457438e+00
2.320450854006236963e+00 -2.737960581786119008e+00
2.367651141938388104e+00 -2.793504970564236523e+00
2.382490000945197917e+00 -2.810907884721196570e+00
1.837555351299341888e+00 -2.170581454105479757e+00
1.955491074227678761e+00 -2.308905023177070248e+00
2.057833977225164368e+00 -2.429318598937967089e+00
2.145449148758711289e+00 -2.532560248552033322e+00
2.232372107826473773e+00 -2.634476527065733986e+00
2.308305149097482190e+00 -2.723836253552133435e+00
2.354550676153984501e+00 -2.778198758060084206e+00
2.372597232841044956e+00 -2.799284716962913588e+00
1.820919447098946042e+00 -2.151081949609336519e+00
1.924348275023611388e+00 -2.272275912610021376e+00
2.022910316548530929e+00 -2.388253493130445992e+00
2.118028494555243224e+00 -2.500042505235746226e+00
2.205810209142461176e+00 -2.603164856189537080e+00
2.283271414198995153e+00 -2.694366227950324433e+00
2.341365486406834950e+00 -2.762516165749603125e+00
-2.239901212577008194e-01 -1.877449350839584530e-01
-2.216354028339697912e-01 -1.857931251629327263e-01
-2.144678023481762230e-01 -1.797866710790186617e-01
-1.881473134925720214e-01 -1.578011424082570446e-01
-3.748132005836654623e-01 -3.144185187695940353e-01
-3.778562229542891671e-01 -3.169795363898577634e-01
-3.921945982250706342e-01 -3.288809120133442399e-01
-3.719211374445600127e-01 -3.118049440083659474e-01
-5.409013057225847687e-01 -4.541337835949694757e-01
-5.513741966243692616e-01 -4.629910473598636278e-01
-5.989989157580445367e-01 -5.026894840592248670e-01
-5.412334882001247349e-01 -4.540452995461065622e-01
-7.775264607069265477e-01 -6.537093149328375707e-01
-8.156766592608042377e-01 -6.854647361268100259e-01
-7.849704970212753041e-01 -6.593634251037197025e-01
-7.179498093849451257e-01 -6.028113211860555154e-01
-1.045415836576091051e+00 -8.800350052959524660e-01
-1.019983077142105454e+00 -8.581705432759619834e-01
-9.746491487323292180e-01 -8.194890918864622398e-01
-9.025041087593548284e-01 -7.584553116342339640e-01
-1.240996539921526809e+00 -1.045698372459289649e+00
-1.226417838669504157e+00 -1.033211040221715393e+00
-1.177128152738917466e+00 -9.909179303973167929e-01
-1.097622330839457705e+00 -9.236042298679363327e-01
-1.383079540191486601e+00 -1.166161996781504451e+00
-1.422179979844718556e+00 -1.199104585441100213e+00
-1.394941990903093787e+00 -1.176026334402399565e+00
-1.311476630998240633e+00 -1.105116660110045723e+00
-1.536528815633132261e+00 -1.296264167906383546e+00
-1.589798434323388632e+00 -1.341661244601713321e+00
-1.664529067009481000e+00 -1.405206980054008348e+00
-1.560163288537718129e+00 -1.316263119415832961e+00
-1.699163291053438440e+00 -1.434503060091435467e+00
-1.815808387505826182e+00 -1.533802715030375907e+00
-1.921842545191676521e+00 -1.623960282752564099e+00
-1.919286188893134515e+00 -1.622071137932726392e+00
-2.256179763196098698e+00 -1.908990558694456885e+00
-2.459992869454771913e+00 -2.082746736524843101e+00
-2.597620858108709463e+00 -2.199958888017181202e+00
-1.802313971322580199e+00 -1.522461941051600931e+00
-1.931537489661430129e+00 -1.632379475745499464e+00
-2.014711271629394229e+00 -1.703178552677497404e+00
-2.156441440475444171e+00 -1.823984771329322019e+00
-2.393874597311422381e+00 -2.026394896287178504e+00
-2.549754572192495683e+00 -2.159004724930188246e+00
-2.644761728953521462e+00 -2.240050985287548979e+00
-2.685836609498766681e+00 -2.275068113642820133e+00
-1.913718406114573112e+00 -1.617575163132981331e+00
-2.050435094211290998e+00 -1.734037734688136378e+00
-2.194392727115278330e+00 -1.856559458059215073e+00
-2.364175161810799786e+00 -2.001300138364147330e+00
-2.509440013254044644e+00 -2.125031413401883285e+00
-2.625167020301893306e+00 -2.223609913870996824e+00
-2.703388679178066134e+00 -2.290083127550480491e+00
-2.747972989983676229e+00 -2.328116682526478964e+00
-2.010614287692856106e+00 -1.700317354414401905e+00
-2.187526130472559949e+00 -1.851038364027078886e+00
-2.362734069539180304e+00 -2.000404794397651287e+00
-2.477393810449163958e+00 -2.097901402773809654e+00
-2.585233527434875889e+00 -2.189659329043591729e+00
-2.687065477167583705e+00 -2.276292308714225943e+00
-2.756746450091433598e+00 -2.335578621119228870e+00
-2.791020620881392134e+00 -2.364839596571100877e+00
-2.144287305466777038e+00 -1.814695680448250803e+00
-2.329684345066128870e+00 -1.972495694842598457e+00
-2.435347232065005141e+00 -2.062420562670458590e+00
-2.509050614868402196e+00 -2.125138504953530738e+00
-2.640878565730544025e+00 -2.237299315406352296e+00
-2.739459692435988192e+00 -2.321284573658312311e+00
-2.794954835426694650e+00 -2.368466890969002314e+00
-2.812498206814758817e+00 -2.383423926047260277e+00
-2.171388188141625264e+00 -1.837916915615655178e+00
-2.309875297345498790e+00 -1.955866909973496215e+00
-2.430373220482399788e+00 -2.058538758432602922e+00
-2.533495033159326226e+00 -2.146143984920035663e+00
-2.635750761609199522e+00 -2.232992287913002194e+00
-2.725107378553847326e+00 -2.309029643424382439e+00
-2.779558341898044738e+00 -2.355292632089635241e+00
-2.800740541121073957e+00 -2.373366991006257809e+00
-2.151833206020677292e+00 -1.821260288751393119e+00
-2.273189783051135837e+00 -1.924883975346409759e+00
-2.389124765313260124e+00 -2.023442993735804052e+00
-2.501196310042438586e+00 -2.118622236857402807e+00
-2.604472828256152006e+00 -2.206428756652310863e+00
-2.695734281424102097e+00 -2.284124200671779459e+00
-2.763947994472560676e+00 -2.342058685919559124e+00
-1.874022373999665314e-01 2.241642731587763226e-01
-1.855225401175296940e-01 2.218344303679893326e-01
-1.795683029671175934e-01 2.147241338229520236e-01
-1.574660910423596738e-01 1.884163007117178879e-01
-3.139757598287457596e-01 3.748678656932602493e-01
-3.165593465287196984e-01 3.779363362034448559e-01
-3.286450362927437197e-01 3.923612810549885199e-01
-3.115630998969427523e-01 3.721855849771069091e-01
-4.536676287178518230e-01 5.408659151160326584e-01
-4.627055375347239874e-01 5.515042585572413891e-01
-5.024681779016686445e-01 5.992532650857855803e-01
-4.537415078372209476e-01 5.414101195292749802e-01
-6.535818103086771247e-01 7.777769641663960787e-01
-6.854556355530290190e-01 8.160754904027623935e-01
-6.593149921839314143e-01 7.853844905670537280e-01
-6.026723150233185278e-01 7.181877332084496413e-01
-8.800459353287933828e-01 1.045569553998555001e+00
-8.583032635975783586e-01 1.020276189740636275e+00
-8.197150618431867652e-01 9.750319369453606111e-01
-7.585795392061477349e-01 9.028869096057141608e-01
-1.045686475056834652e+00 1.240913871592606688e+00
-1.033348949645551684e+00 1.226548961638003643e+00
-9.913989523315525076e-01 1.177448754615710413e+00
-9.239562100311798920e-01 1.097892531201101640e+00
-1.166065455410378204e+00 1.382714552174137967e+00
-1.199347476695587389e+00 1.421987176428790800e+00
-1.176323531570139469e+00 1.394865528306075797e+00
-1.105433896493693835e+00 1.311505405249994816e+00
-1.296098705607295232e+00 1.535796072170233506e+00
-1.341639730485121307e+00 1.589152366569736685e+00
-1.405252609105540618e+00 1.664177091620813842e+00
-1.316683957121828730e+00 1.559890506310636971e+00
-1.434405318075130831e+00 1.698304610869993292e+00
-1.533661486159630494e+00 1.814828276180634248e+00
-1.623866330871128083e+00 1.920860487057726385e+00
-1.621827614567015186e+00 1.918276740148783910e+00
-1.908446292542463008e+00 2.254576304170996970e+00
-2.081839859689217143e+00 2.457962390508560802e+00
-2.198861107298979434e+00 2.595758995249941137e+00
-1.522267387508220660e+00 1.801361494583803236e+00
-1.632073954368316926e+00 1.930480568510918982e+00
-1.702895041024846456e+00 2.013495173631105750e+00
-1.823477284513285168e+00 2.155013567699936239e+00
-2.025645639827897693e+00 2.391994668840532690e+00
-2.158155607242260299e+00 2.547365527772172733e+00
-2.238928196025609996e+00 2.642392030418954096e+00
-2.273777054438721468e+00 2.683238772788500537e+00
-1.617189211276495175e+00 1.912609053088563993e+00
-1.733543073647542121e+00 2.049204747762308987e+00
-1.856089633503644309e+00 2.192957965575704549e+00
-2.000482423022587053e+00 2.362178344299705746e+00
-2.124032037181369237e+00 2.507527724438745498e+00
-2.222435680182716755e+00 2.623214835301397763e+00
-2.288856221367405297e+00 2.701020581362161277e+00
-2.326788781736507161e+00 2.745919496518157032e+00
-1.699912483451024192e+00 2.009417079821485430e+00
-1.850523930053437516e+00 2.186071648586431326e+00
-1.999612437068268411e+00 2.361032730080472319e+00
-2.096923384428631021e+00 2.475596630612424409e+00
-2.188599392918190389e+00 2.583030416343389479e+00
-2.275038440666019568e+00 2.684713532085651888e+00
-2.334240718807697679e+00 2.754608653983446676e+00
-2.363662749857283529e+00 2.788883033874304918e+00
-1.814213848615338964e+00 2.142904228195233962e+00
-1.971779653500714158e+00 2.327929543676878321e+00
-2.061602314634173538e+00 2.433469409881543033e+00
-2.124216303631613734e+00 2.507226930406751375e+00
-2.236042695986338646e+00 2.638970945914220323e+00
-2.319973260081436450e+00 2.737517320232015994e+00
-2.367223251178514953e+00 2.793058767509402518e+00
-2.382182627922255769e+00 2.810568449439065475e+00
-1.837546451662569913e+00 2.169935324311662583e+00
-1.955273586766329785e+00 2.308175505026760277e+00
-2.057536385450241312e+00 2.428614768377640676e+00
-2.145083194715470931e+00 2.531710462878587364e+00
-2.231943604787516300e+00 2.633704337759662284e+00
-2.307794658468748317e+00 2.723267664655532716e+00
-2.354148730268769363e+00 2.777496458534274737e+00
-2.372086210351571633e+00 2.798825681394371490e+00
-1.820874436236916249e+00 2.150475778706892438e+00
-1.924208880358180940e+00 2.271581884477797963e+00
-2.022639726015328598e+00 2.387387588207996458e+00
-2.117679740028690194e+00 2.499242976534158611e+00
-2.205385577994197988e+00 2.602521664140898139e+00
-2.282818989983457225e+00 2.693959531924663420e+00
-2.340872907378094059e+00 2.762031050069845506e+00
2.804674330030898055e+00 2.382122162879464877e+00
2.764221171833252999e+00 2.355879090273055532e+00
2.664707094735657922e+00 2.298934316887778273e+00
2.457923058831794183e+00 2.216881630579885520e+00
2.158398320330110920e+00 2.197070229264185937e+00
1.830203876176506705e+00 2.234799769323478014e+00
1.477123483033768059e+00 2.323791856916610943e+00
1.166090121297358007e+00 2.424728944079045601e+00
8.760771306180635820e-01 2.512967584475919391e+00
5.849242695125269620e-01 2.580301500122088587e+00
2.202265409431085341e-01 2.627706275871784847e+00
2.319459518810665699e+00 2.138592478410460185e+00
2.029956192383381541e+00 2.129443107177017236e+00
2.809783615954735581e+00 2.375887529992870117e+00
2.777563183562962834e+00 2.340171816273087568e+00
2.705256324592367090e+00 2.251157269744809231e+00
2.590666389487240817e+00 2.060081298734892652e+00
2.522239062213194938e+00 1.766815993753749092e+00
2.505826693721088017e+00 1.435738542855140354e+00
2.535643101237207819e+00 1.071752960253823606e+00
2.583851154526043192e+00 7.476449725921173739e-01
2.622945376866227640e+00 4.467610325394221205e-01
2.641168306328999904e+00 1.486570440993515430e-01
2.627822747857124330e+00 -2.188291884029246459e-01
2.491034753106529998e+00 1.935784861794601852e+00
2.434882684023576438e+00 1.650644178156848163e+00
2.382049142458108726e+00 -2.804302356055176304e+00
2.355832207442831283e+00 -2.763743540872025672e+00
2.298670034878411705e+00 -2.664148178202172534e+00
2.216356962602815450e+00 -2.457037208047773813e+00
2.196470298081115935e+00 -2.157409655985028429e+00
2.234372547228421713e+00 -1.829228805369149446e+00
2.323480931028090613e+00 -1.476038429065891444e+00
2.424430422379490579e+00 -1.165012324849007630e+00
2.512765589704138325e+00 -8.748315877698005227e-01
2.580206206052143791e+00 -5.837938933783445306e-01
2.137982782171170104e+00 -2.318576201683049121e+00
2.128937475095037168e+00 -2.028947726169970878e+00
2.375941511143490725e+00 -2.809410456428159453e+00
2.340077429742326576e+00 -2.777073054893538728e+00
2.250776043613947230e+00 -2.704625408576629919e+00
2.059320250253080520e+00 -2.589831153388456819e+00
1.765995081551168466e+00 -2.521279544896183111e+00
1.434679074402614329e+00 -2.505182410951922733e+00
1.070487845760508705e+00 -2.534873439854611110e+00
7.462361960406029837e-01 -2.582913059106904274e+00
4.452633297954189939e-01 -2.622203540599803873e+00
1.471340644566815348e-01 -2.640300967424370260e+00
-2.201923298017300357e-01 -2.627023814262075430e+00
1.934966417978011943e+00 -2.490217807768841496e+00
1.649772971292246870e+00 -2.434163061143497675e+00
-2.805854902092863590e+00 -2.382810182992848524e+00
-2.765265623255093619e+00 -2.356649159005917760e+00
-2.665696652476163386e+00 -2.299504795819252934e+00
-2.458277396424525918e+00 -2.216860462164745194e+00
-2.158685646657283908e+00 -2.196739913956242241e+00
-1.830360842490002860e+00 -2.234355351774285126e+00
-1.477202355013961244e+00 -2.323221891147298379e+00
-1.166123959867799931e+00 -2.424072245544874882e+00
-8.761448748202689263e-01 -2.512234776852349860e+00
-5.850588761238930680e-01 -2.579536849188627468e+00
-2.319622344391043089e+00 -2.138495291908610429e+00
-2.030051821300178805e+00 -2.129148200379434641e+00
-2.810958422894823450e+00 -2.376781851258799261e+00
-2.778626031382233741e+00 -2.340983488800953527e+00
-2.706055106524235310e+00 -2.251658244729221714e+00
-2.591110815585484062e+00 -2.060118784992700736e+00
-2.522309826227257190e+00 -1.766874864967852732e+00
-2.505917535053456824e+00 -1.435779211668239741e+00
-2.535699940453508994e+00 -1.071656732812029444e+00
-2.583894865504844152e+00 -7.475799297889303974e-01
-2.622970023904745762e+00 -4.467444812403440491e-01
-2.641162413056917124e+00 -1.487730858400564959e-01
-2.627843763171946900e+00 2.184027588007374510e-01
-2.491167742778324978e+00 -1.935757054602092131e+00
-2.434950839548275958e+00 -1.650625800856586389e+00
-2.381650712255014124e+00 2.803969996087803285e+00
-2.355536168519081652e+00 2.763170275096314299e+00
-2.298244959218349592e+00 2.663602868768112586e+00
-2.216015977243586565e+00 2.456427963920924551e+00
-2.196198521348573074e+00 2.156774054275658603e+00
-2.234259186794135932e+00 1.828588731715871996e+00
-2.323447189622759979e+00 1.475394549297160296e+00
-2.424484686609348127e+00 1.164297656784687884e+00
-2.512848807814575647e+00 8.742185546439761312e-01
-2.580276608394585836e+00 5.831477371749645977e-01
-2.137726493842362796e+00 2.317884629828982135e+00
-2.128752727468174566e+00 2.028279646158031468e+00
-2.375475417916878218e+00 2.808974189507068786e+00
-2.339752707463658155e+00 2.776607108673698754e+00
-2.250396951851436178e+00 2.704115751867084860e+00
-2.059048412287667773e+00 2.589181318858790881e+00
-1.765880192870257659e+00 2.520927218066085995e+00
-1.434693005331123983e+00 2.504783315533581689e+00
-1.070650221673957292e+00 2.534847845993852378e+00
-7.463362352333791083e-01 2.583270327350848383e+00
-4.454053761681456280e-01 2.622555319799921847e+00
-1.471980784883810678e-01 2.640848104455451484e+00
-1.934775232192247785e+00 2.489531464884013445e+00
-1.649658135239240986e+00 2.433624906116429898e+00
2.503719568943820958e-02 2.789448757125428391e-01
5.054578457959324478e-02 5.697669532234967971e-01
2.005661738070647626e-01 3.496668074114658853e-01
3.869190174122903725e-02 4.341276238458222081e-01
3.069443103522028204e-01 5.064408494105180347e-01
4.761607476429699504e-02 5.378065516600361029e-01
4.503262177504951391e-01 3.777168738783228119e-01
2.804427898301549704e-01 4.938103122399204459e-01
4.808528986959263035e-02 5.402193323354682608e-01
7.210280287920838305e-01 7.181876552580654938e-01
6.190461936642172036e-01 7.283165988336928187e-01
2.405977493033399084e-01 5.788400399350025483e-01
9.563677105569610148e-01 9.193548475643585904e-01
9.240326188935364948e-01 9.356783312889500603e-01
1.146865365597618203e+00 1.101388414553829520e+00
1.112866642363442793e+00 1.126742199927689869e+00
1.299746679931350180e+00 1.274812248301056217e+00
1.233386842375622239e+00 1.358624250649753451e+00
1.414010873432130388e+00 1.426508735451674337e+00
1.335481530880010315e+00 1.518092092636234680e+00
1.264595760066462127e+00 1.660829705876273321e+00
2.791729373528537006e-01 -2.436376931341811825e-02
5.699328609329822326e-01 -4.965369767947461210e-02
3.793511243148642853e-01 1.363242576670618267e-01
4.342233516935388726e-01 -3.790261950840971561e-02
5.517461711822437831e-01 2.142460760827570587e-01
5.378848891980498870e-01 -4.685018815544671200e-02
5.351180385026783615e-01 1.900556495671919810e-01
5.402141762412515646e-01 -4.710285476515229525e-02
8.311565085608222381e-01 5.874695768334222690e-01
8.235388360096267402e-01 4.849994292652074490e-01
6.115475274931636562e-01 1.364070846677337967e-01
1.068779242132396057e+00 7.860828304770475228e-01
1.079458264092983288e+00 7.514501050818200856e-01
1.279925218053317826e+00 9.439554595364287870e-01
1.299178143989226930e+00 9.060792136184644407e-01
1.475930444772533656e+00 1.066178287521464041e+00
1.547402292628510478e+00 9.868310035044346451e-01
1.644021957470843232e+00 1.154210683675349403e+00
1.721249287240227632e+00 1.061579100205690018e+00
1.849847901201929101e+00 9.682323675269193242e-01
3.495595263681572917e-01 -1.999524081523120778e-01
5.061017748556402296e-01 -3.062444656653033892e-01
3.769754921829880923e-01 -4.499112613840161035e-01
4.935223042003649141e-01 -2.797640748132006472e-01
7.176186286659955726e-01 -7.209066974993145749e-01
7.279067251855835252e-01 -6.186740893318453116e-01
5.788147694322429704e-01 -2.397816709460534879e-01
9.187810813993443348e-01 -9.563661464979336113e-01
9.351406819499767931e-01 -9.239536119050757446e-01
1.100830302788634141e+00 -1.146757216383866851e+00
1.126264247612405400e+00 -1.112636640931047527e+00
1.274370330024805709e+00 -1.299277391139786575e+00
1.358281653637916531e+00 -1.233170556025797726e+00
1.426079753761203550e+00 -1.413631678150805593e+00
1.517816737582998732e+00 -1.334911429240648317e+00
1.660686690114353770e+00 -1.263876765657346857e+00
-2.444588933634504052e-02 -2.787471863211692935e-01
-5.063933933916790059e-02 -5.699759859741360124e-01
1.360141804322616832e-01 -3.789084267549507334e-01
-3.827831672230764398e-02 -4.338627443026434882e-01
2.133543056594025822e-01 -5.517281448312536529e-01
-4.764415255154662299e-02 -5.379472801711036034e-01
1.890259101044565182e-01 -5.352146900359978643e-01
-4.819135841689901889e-02 -5.404588095380563617e-01
5.864562401962691851e-01 -8.311553737421950583e-01
4.838400359351013869e-01 -8.235721999511913527e-01
1.354077841960732997e-01 -6.115649461433263490e-01
7.850334332094593970e-01 -1.068837752746375047e+00
7.502922047576494613e-01 -1.079519282845548434e+00
9.430217502793127871e-01 -1.279770966109600616e+00
9.049200800409605838e-01 -1.299125680493215196e+00
1.065340218383162396e+00 -1.475609391131993409e+00
9.856271321734038082e-01 -1.547207294273758915e+00
1.153305931627487402e+00 -1.643664653797692665e+00
1.060470351958716861e+00 -1.720856647805644402e+00
9.670034890251009152e-01 -1.849293995321289907e+00
-2.000779606906275820e-01 -3.492641984736115091e-01
-3.067461446034981387e-01 -5.061971683273526201e-01
-4.501396132066296518e-01 -3.775543941905319389e-01
-2.804762783453507713e-01 -4.938331489772585514e-01
-7.207463041122860181e-01 -7.176604734744217451e-01
-6.187136353932976007e-01 -7.278124346920351595e-01
-2.405148275143410286e-01 -5.787390937155557635e-01
-9.560954457835393328e-01 -9.188468329847213623e-01
-9.237619007774739988e-01 -9.352271388656377971e-01
-1.146798460468684278e+00 -1.100997450451161042e+00
-1.112727367805299350e+00 -1.126403845877494314e+00
-1.299843059217127728e+00 -1.274576899320127188e+00
-1.233458757836096042e+00 -1.358429352495634346e+00
-1.414405218714031021e+00 -1.426483484953948278e+00
-1.335765172886665741e+00 -1.517980745717318447e+00
-1.264882058913148200e+00 -1.660634809423508162e+00
-2.786291160597393346e-01 2.455795777225712115e-02
-5.694357482797615111e-01 4.976646610286910438e-02
-3.788710826171377000e-01 -1.360539784313170297e-01
-4.338601513449790170e-01 3.808649966784138224e-02
-5.514522954613887418e-01 -2.140367529182578554e-01
-5.375740919580439536e-01 4.700690098920681792e-02
-5.348740352193670500e-01 -1.899092376404809823e-01
-5.400668319134873663e-01 4.722786366829487964e-02
-8.307816107986054632e-01 -5.869493785676825892e-01
-8.231615396204975399e-01 -4.844984209723204871e-01
-6.110999375265079303e-01 -1.361946256051612680e-01
-1.068546062549733611e+00 -7.856064783406681018e-01
-1.079228606681900571e+00 -7.510006492570231451e-01
-1.279854121622717278e+00 -9.435110569859422869e-01
-1.299182204082613090e+00 -9.056644238432823846e-01
-1.476107543926805654e+00 -1.065944590779930756e+00
-1.547593191591216444e+00 -9.866227589627163397e-01
-1.644513033641579192e+00 -1.154167349567075895e+00
-1.721654179350958547e+00 -1.061418541850686736e+00
-1.850014333761718754e+00 -9.679836604504391540e-01
-3.491326479212355505e-01 2.000166686887887291e-01
-5.058843673921750161e-01 3.062700950187788318e-01
-3.769195625589651932e-01 4.498250181436030948e-01
-4.933723942827321629e-01 2.797777924625577395e-01
-7.176229123757693618e-01 7.207455975710046481e-01
-7.278521127480853670e-01 6.185475778577819161e-01
-5.785255333233280117e-01 2.398409923236512198e-01
-9.188789297814905499e-01 9.561061598512222703e-01
-9.352909370264478328e-01 9.237262426820544992e-01
-1.101115679620790155e+00 1.146629865882911714e+00
-1.126553279468869517e+00 1.112442370157001648e+00
-1.274657879879307565e+00 1.299247147472022412e+00
-1.358624704305881670e+00 1.232673486147932262e+00
-1.426363314474058175e+00 1.413364216530567985e+00
-1.518146284860768525e+00 1.334739779308669938e+00
-1.660936468002099931e+00 1.263799885836802472e+00
-1.355414524854860192e-01 3.790302855898426970e-01
-2.133082752916794500e-01 5.515612798864045763e-01
-1.890465334406601083e-01 5.348681561716404076e-01
-5.865926494831776861e-01 8.311097335337173098e-01
-4.839921770265898648e-01 8.234938371118842859e-01
-1.353584751520551799e-01 6.112868885250982709e-01
-7.852759128762923924e-01 1.068790352995385051e+00
-7.505745907577722198e-01 1.079489395531289642e+00
-9.433081054373692043e-01 1.279845024337205484e+00
-9.053261784236503740e-01 1.299259259322575133e+00
-1.065690270246177906e+00 1.475735912717948572e+00
-9.861098313461994502e-01 1.547376943097282576e+00
-1.153572688776573818e+00 1.643702396361061302e+00
-1.060842895915725004e+00 1.721024079124551909e+00
-9.673097409690244453e-01 1.849636173527121619e+00
2.395238012653981921e-04 1.033529987815180447e-04
2.451579292867993656e-02 2.736398294572304768e-01
2.123203824803691561e-02 2.372724597074807040e-01
1.722845093831989680e-02 1.926421220284599001e-01
1.993048555767569230e-01 3.488091364570627406e-01
1.862498442871029780e-01 3.232698543919358403e-01
3.645082301995437174e-02 4.088394959847453380e-01
3.320661780104816607e-02 3.730877825860980934e-01
3.274368788653344020e-01 4.855374764232366913e-01
4.367635558459408152e-02 4.914987296745523260e-01
2.738492804784312673e-01 -2.389915269400938805e-02
2.375540320238830883e-01 -2.071527259404347746e-02
1.929088336895307121e-01 -1.678789574135127263e-02
3.783085514320989051e-01 1.353239292153052831e-01
3.508755779087210924e-01 1.268447253876694991e-01
4.089694901363686852e-01 -3.565355743723475773e-02
3.731696287131527900e-01 -3.257340834805703966e-02
5.348862884169703902e-01 2.381801807585338382e-01
4.916600456150442278e-01 -4.286115643133596442e-02
3.487124411836389770e-01 -1.987032412074126453e-01
3.232147037617703056e-01 -1.857202100767131048e-01
4.853059537790685996e-01 -3.268030129707598097e-01
-2.399745836011972153e-02 -2.734088340086300306e-01
-2.076896688338746022e-02 -2.370082960518362092e-01
-1.676029089240541406e-02 -1.924050353167497673e-01
1.349348168543446358e-01 -3.779280087187156800e-01
1.265665705516711981e-01 -3.504997069076161709e-01
-3.605644515711117770e-02 -4.086306271916272381e-01
-3.284751755437414350e-02 -3.728031498450584125e-01
2.374347896036442529e-01 -5.347189515486037159e-01
-4.352572942948170626e-02 -4.914996808084323709e-01
-1.988607178980399681e-01 -3.484171105822326253e-01
-1.858488766709458784e-01 -3.229186075754990060e-01
-3.271112635299028848e-01 -4.852152902204276974e-01
-2.733299086561556956e-01 2.408877487054318298e-02
-2.369739389128871776e-01 2.090719096092268428e-02
-1.923030607927335434e-01 1.697037328671547121e-02
-3.777808707898666074e-01 -1.350352573783237531e-01
-3.503437650245295187e-01 -1.266276406403999966e-01
-4.085480606640161660e-01 3.584928817320921085e-02
-3.727284399324831132e-01 3.255218290889662358e-02
-5.344474182914273896e-01 -2.378839083020590772e-01
-4.912436580890316984e-01 4.302098723538637370e-02
-3.484071843640377808e-01 1.988440418124718112e-01
-3.228603412953404694e-01 1.858839865840292982e-01
-4.850927986020945881e-01 3.268877473426016755e-01
-1.345618742252196465e-01 3.779707239362778415e-01
-1.262335954470009680e-01 3.505658185372034219e-01
-2.373406069175671151e-01 5.346488005553556855e-01
