9.870244275492510771e-05 1.062808893471947841e-04
1.294879249349467642e-04 5.807842506529283460e-05
1.405600443545852675e-04 1.034047049434340139e-06
1.302331712012129807e-04 -5.616775525604069720e-05
1.000794782990928794e-04 -1.048185259857528488e-04
5.468959204866585491e-05 -1.375116263164383472e-04
9.737111712158505322e-07 -1.492698280864427566e-04
-5.289040840533785863e-05 -1.383030516646474074e-04
-9.870244275492499929e-05 -1.062808893471947841e-04
-1.294879249349463577e-04 -5.807842506529293624e-05
-1.405600443545848609e-04 -1.034047049434328492e-06
-1.302331712012127910e-04 5.616775525604073108e-05
-1.000794782990929878e-04 1.048185259857529436e-04
-5.468959204866607852e-05 1.375116263164384285e-04
-9.737111712161836279e-07 1.492698280864428108e-04
5.289040840533775699e-05 1.383030516646474345e-04
9.942813608302345505e-05 1.070623019460209335e-04
1.304399634111160910e-04 5.850543704594858140e-05
1.415934887510790214e-04 1.041649708738077206e-06
1.311906889768618863e-04 -5.658071935404961826e-05
1.008152960524744628e-04 -1.055891868006814989e-04
5.509168819703239310e-05 -1.385226577252714631e-04
9.808702209892840560e-07 -1.503673097222081318e-04
-5.327927635458872468e-05 -1.393199018969955348e-04
-9.942813608302341439e-05 -1.070623019460209606e-04
-1.304399634111158741e-04 -5.850543704594861528e-05
-1.415934887510787775e-04 -1.041649708738077206e-06
-1.311906889768617507e-04 5.658071935404968602e-05
-1.008152960524745848e-04 1.055891868006815938e-04
-5.509168819703271158e-05 1.385226577252715986e-04
-9.808702209895728942e-07 1.503673097222081589e-04
5.327927635458855527e-05 1.393199018969955077e-04
9.978101726626083484e-05 1.074422776076310482e-04
1.309029089157116713e-04 5.871307915475113177e-05
1.420960193205695612e-04 1.045346635948272280e-06
1.316562988874932748e-04 -5.678153043208684832e-05
1.011731004161175887e-04 -1.059639342176919364e-04
5.528721454282710846e-05 -1.390142895841090464e-04
9.843514352391033860e-07 -1.509009795290187504e-04
-5.346837025519597268e-05 -1.398143632614210928e-04
-9.978101726626083484e-05 -1.074422776076309534e-04
-1.309029089157112105e-04 -5.871307915475114532e-05
-1.420960193205691817e-04 -1.045346635948248563e-06
-1.316562988874930850e-04 5.678153043208693641e-05
-1.011731004161177242e-04 1.059639342176919906e-04
-5.528721454282741339e-05 1.390142895841091006e-04
-9.843514352394529988e-07 1.509009795290187233e-04
5.346837025519579650e-05 1.398143632614210386e-04
9.978101726626109234e-05 1.074422776076310482e-04
1.309029089157118882e-04 5.871307915475113177e-05
1.420960193205695612e-04 1.045346635948272280e-06
1.316562988874934103e-04 -5.678153043208689576e-05
1.011731004161174803e-04 -1.059639342176919635e-04
5.528721454282690517e-05 -1.390142895841091006e-04
9.843514352389756958e-07 -1.509009795290186149e-04
-5.346837025519619630e-05 -1.398143632614210657e-04
-9.978101726626097037e-05 -1.074422776076310076e-04
-1.309029089157114545e-04 -5.871307915475111822e-05
-1.420960193205692359e-04 -1.045346635948248563e-06
-1.316562988874930579e-04 5.678153043208693641e-05
-1.011731004161176971e-04 1.059639342176919770e-04
-5.528721454282727109e-05 1.390142895841090464e-04
-9.843514352393198029e-07 1.509009795290186691e-04
5.346837025519599978e-05 1.398143632614210115e-04
9.942813608302410557e-05 1.070623019460209064e-04
1.304399634111166331e-04 5.850543704594859495e-05
1.415934887510794009e-04 1.041649708738089065e-06
1.311906889768619676e-04 -5.658071935404963859e-05
1.008152960524744628e-04 -1.055891868006814989e-04
5.509168819703206106e-05 -1.385226577252714089e-04
9.808702209887957415e-07 -1.503673097222081318e-04
-5.327927635458931422e-05 -1.393199018969954535e-04
-9.942813608302384807e-05 -1.070623019460209606e-04
-1.304399634111162807e-04 -5.850543704594861528e-05
-1.415934887510790214e-04 -1.041649708738077206e-06
-1.311906889768618863e-04 5.658071935404965214e-05
-1.008152960524745983e-04 1.055891868006814989e-04
-5.509168819703246086e-05 1.385226577252714631e-04
-9.808702209891288372e-07 1.503673097222080776e-04
5.327927635458912448e-05 1.393199018969954806e-04
9.870244275492582600e-05 1.062808893471948790e-04
1.294879249349474419e-04 5.807842506529287526e-05
1.405600443545856741e-04 1.034047049434340139e-06
1.302331712012132518e-04 -5.616775525604070397e-05
1.000794782990927439e-04 -1.048185259857528894e-04
5.468959204866537379e-05 -1.375116263164382930e-04
9.737111712152506211e-07 -1.492698280864427295e-04
-5.289040840533853626e-05 -1.383030516646474345e-04
-9.870244275492556850e-05 -1.062808893471948112e-04
-1.294879249349470624e-04 -5.807842506529283460e-05
-1.405600443545853488e-04 -1.034047049434292917e-06
-1.302331712012131976e-04 5.616775525604073108e-05
-1.000794782990928523e-04 1.048185259857528759e-04
-5.468959204866577359e-05 1.375116263164383472e-04
-9.737111712155837168e-07 1.492698280864427837e-04
5.289040840533836007e-05 1.383030516646474074e-04
