9.526403969867684230e-05 1.097623625973581554e-04
1.275658180187289829e-04 6.269224142483655895e-05
1.404468569324495775e-04 6.077794801967275788e-06
1.319461350321332073e-04 -5.146194098415441390e-05
1.033578101678671535e-04 -1.011670627590951913e-04
5.903419564642565967e-05 -1.354704163106712413e-04
5.723159984132001831e-06 -1.491496270213297191e-04
-4.845917490517124979e-05 -1.401221590627263263e-04
-9.526403969867669322e-05 -1.097623625973580063e-04
-1.275658180187289016e-04 -6.269224142483646408e-05
-1.404468569324495775e-04 -6.077794801967393525e-06
-1.319461350321332615e-04 5.146194098415428516e-05
-1.033578101678672348e-04 1.011670627590950287e-04
-5.903419564642571388e-05 1.354704163106713497e-04
-5.723159984131979809e-06 1.491496270213297191e-04
4.845917490517138532e-05 1.401221590627265161e-04
9.596445273899709442e-05 1.105693721504143716e-04
1.285037245228207528e-04 6.315317572449201519e-05
1.414794691372085105e-04 6.122480779479447841e-06
1.329162470900376795e-04 -5.184030636378239771e-05
1.041177313121888996e-04 -1.019108767967058694e-04
5.946823477164401369e-05 -1.364664400617293162e-04
5.765238568006991007e-06 -1.502462248987143005e-04
-4.881546294559135961e-05 -1.411523839802902652e-04
-9.596445273899699955e-05 -1.105693721504143309e-04
-1.285037245228206715e-04 -6.315317572449208295e-05
-1.414794691372085105e-04 -6.122480779479495275e-06
-1.329162470900377337e-04 5.184030636378249936e-05
-1.041177313121889267e-04 1.019108767967058017e-04
-5.946823477164406112e-05 1.364664400617293975e-04
-5.765238568006946961e-06 1.502462248987143276e-04
4.881546294559150869e-05 1.411523839802904820e-04
9.630504093631551531e-05 1.109617947825920992e-04
1.289597981066816510e-04 6.337731315935483869e-05
1.419815950387864271e-04 6.144210124380329081e-06
1.333879811926000445e-04 -5.202429320462759849e-05
1.044872563749008732e-04 -1.022725694946232251e-04
5.967929395346071653e-05 -1.369507741822134758e-04
5.785700021753023629e-06 -1.507794649624213761e-04
-4.898871429076527464e-05 -1.416533490213540481e-04
-9.630504093631544755e-05 -1.109617947825921669e-04
-1.289597981066816510e-04 -6.337731315935485224e-05
-1.419815950387865356e-04 -6.144210124380352798e-06
-1.333879811926001258e-04 5.202429320462769336e-05
-1.044872563749009003e-04 1.022725694946232929e-04
-5.967929395346076397e-05 1.369507741822136113e-04
-5.785700021753028711e-06 1.507794649624213219e-04
4.898871429076527464e-05 1.416533490213540210e-04
9.630504093631548821e-05 1.109617947825920585e-04
1.289597981066817052e-04 6.337731315935486579e-05
1.419815950387865084e-04 6.144210124380388374e-06
1.333879811926001258e-04 -5.202429320462753073e-05
1.044872563749009274e-04 -1.022725694946231709e-04
5.967929395346072331e-05 -1.369507741822135029e-04
5.785700021753006688e-06 -1.507794649624213219e-04
-4.898871429076530175e-05 -1.416533490213540481e-04
-9.630504093631551531e-05 -1.109617947825921263e-04
-1.289597981066817052e-04 -6.337731315935482513e-05
-1.419815950387865084e-04 -6.144210124380376515e-06
-1.333879811926000716e-04 5.202429320462770691e-05
-1.044872563749008732e-04 1.022725694946232793e-04
-5.967929395346071653e-05 1.369507741822135300e-04
-5.785700021752995677e-06 1.507794649624213219e-04
4.898871429076530852e-05 1.416533490213539939e-04
9.596445273899712153e-05 1.105693721504141954e-04
1.285037245228207528e-04 6.315317572449185256e-05
1.414794691372085105e-04 6.122480779479306387e-06
1.329162470900377608e-04 -5.184030636378254001e-05
1.041177313121889538e-04 -1.019108767967058694e-04
5.946823477164401369e-05 -1.364664400617294517e-04
5.765238568006924939e-06 -1.502462248987144360e-04
-4.881546294559150869e-05 -1.411523839802904007e-04
-9.596445273899718929e-05 -1.105693721504143309e-04
-1.285037245228208883e-04 -6.315317572449208295e-05
-1.414794691372085105e-04 -6.122480779479330104e-06
-1.329162470900376253e-04 5.184030636378268231e-05
-1.041177313121888047e-04 1.019108767967059643e-04
-5.946823477164395270e-05 1.364664400617295601e-04
-5.765238568006902916e-06 1.502462248987143547e-04
4.881546294559149514e-05 1.411523839802904007e-04
9.526403969867680164e-05 1.097623625973579656e-04
1.275658180187289829e-04 6.269224142483646408e-05
1.404468569324496588e-04 6.077794801967216495e-06
1.319461350321333428e-04 -5.146194098415438002e-05
1.033578101678672484e-04 -1.011670627590952049e-04
5.903419564642570032e-05 -1.354704163106713497e-04
5.723159984132001831e-06 -1.491496270213298276e-04
-4.845917490517138532e-05 -1.401221590627265161e-04
-9.526403969867693717e-05 -1.097623625973582638e-04
-1.275658180187290371e-04 -6.269224142483650474e-05
-1.404468569324496860e-04 -6.077794801967287646e-06
-1.319461350321331531e-04 5.146194098415449522e-05
-1.033578101678671535e-04 1.011670627590953133e-04
-5.903419564642561223e-05 1.354704163106714853e-04
-5.723159984131957786e-06 1.491496270213299089e-04
4.845917490517138532e-05 1.401221590627264619e-04
