1.611480291723627900e+01 2.452643213308913062e+01
1.964676059810809505e+01 2.185896429368143856e+01
2.220116421936073081e+01 1.952795352542828766e+01
1.017162584233882150e+01 -2.496195823695966709e+01
6.635977712204025103e+00 -2.572731542795162341e+01
1.719996303194431198e+00 -2.642581220438021106e+01
-3.765952035064656478e+00 -2.628478316364702394e+01
-8.719759206571831456e+00 -2.525939504326359142e+01
-1.361859140705407079e+01 -2.319073894177523698e+01
-1.826407777179984393e+01 -2.030640658082039351e+01
-2.193439184283326782e+01 -1.726349205260408937e+01
-2.454157088473013104e+01 -1.492548937501699058e+01
-1.217365869981816007e-01 3.033883243885332348e+01
3.292241006351140697e+00 2.971565143600576775e+01
7.622034760220815386e+00 2.866518963919784468e+01
1.199760540284831123e+01 2.691624831121766803e+01
1.475197253547687204e+01 2.165023434620978193e+01
1.834799885428953203e+01 1.898564726981831541e+01
2.131723572983841208e+01 1.621342873658115380e+01
1.148744790960172324e+01 -2.148507065235273217e+01
7.389885189475150717e+00 -2.255581222964412547e+01
2.577199272634944194e+00 -2.335232150337082402e+01
-2.625792591392884567e+00 -2.331784584534731053e+01
-8.022575646585359266e+00 -2.217464916633474914e+01
-1.304996321367261380e+01 -2.004285039528781098e+01
-1.731436115429310618e+01 -1.723671378160211987e+01
-2.090336387214833991e+01 -1.415487789837059651e+01
-2.372604831172766637e+01 -1.137680651770666174e+01
-2.259871070643067359e+00 2.744155220047741039e+01
1.647079807588441192e+00 2.692614285579491451e+01
6.140650260313220699e+00 2.587925034816951353e+01
1.059127862488923100e+01 2.409401740015881188e+01
1.301709666848167402e+01 1.715884355925915372e+01
1.676004744054417372e+01 1.404520813154199210e+01
1.890389189721298280e+01 -5.765131011641978276e+00
1.436007332200208531e+01 -1.349978627293935318e+01
9.292109603689949537e+00 -1.739818758842945456e+01
3.666617099253119960e+00 -1.873957519258292592e+01
-1.633487307420529833e+00 -1.886770985107913745e+01
-6.759389080232969249e+00 -1.779075172488044387e+01
-1.160943002031037707e+01 -1.561296884800159823e+01
-1.588386835368974737e+01 -1.254493657153767217e+01
-1.972744626793695844e+01 -8.877282838566690870e+00
-2.198179821317942739e+01 -5.072797374723005071e+00
-5.551062519417627072e+00 2.252529470578179627e+01
-1.183481088199756837e+00 2.275221709500041811e+01
3.784951467247461565e+00 2.189671685121523481e+01
8.639417508351577624e+00 1.990711203207957780e+01
1.136814394648495075e+01 1.278944170961197280e+01
1.467964507504878213e+01 8.492251612082794665e+00
1.650767817999620846e+01 -2.446317964407371370e+00
1.451887369646599346e+01 -8.365811160362149224e+00
9.961266018523025068e+00 -1.240302633002008648e+01
4.703020426120091635e+00 -1.418623080526013780e+01
-6.885586138636131670e-01 -1.442120037484497708e+01
-5.750065106599058673e+00 -1.333094592568611958e+01
-1.039608789827364355e+01 -1.106662005495604895e+01
-1.447676761740560458e+01 -7.807897371076791160e+00
-1.772378567746144995e+01 -3.636508287496594605e+00
-1.889826832023388192e+01 1.119450585808154042e+00
-8.218083019710819670e+00 1.727585628129726558e+01
-3.608231185149224363e+00 1.835306189570094659e+01
1.761442808598254528e+00 1.765282260774358747e+01
6.758755151069048672e+00 1.576786313982813859e+01
8.795425465418313493e+00 9.085640097682871286e+00
1.190463173884604409e+01 5.168598706494296202e+00
1.317701459840581890e+01 2.982173037523349612e-01
1.193345066943068034e+01 -4.588991052825210915e+00
8.725170672569067420e+00 -8.012901658894049817e+00
4.364540430639086921e+00 -9.683172067582129117e+00
-2.784454253238118349e-01 -9.841221414365023179e+00
-4.755396734957421323e+00 -8.789893010503055493e+00
-8.810444080669357803e+00 -6.669813567343255478e+00
-1.223376718506423977e+01 -3.540929710500811289e+00
-1.450703519614937242e+01 6.169886343383708116e-01
-1.444227015184612384e+01 5.517204526521689800e+00
-9.611514649686888845e+00 1.205492225492098335e+01
-5.072994055717067852e+00 1.369547474466782333e+01
-1.294825335201155170e-01 1.337474589619832344e+01
4.581385930585814670e+00 1.178227968638567447e+01
6.321332636810544692e+00 7.117193982216233117e+00
8.966722003175959799e+00 4.262461821317736543e+00
1.022142596054918151e+01 9.110701659880858783e-01
9.548186728328063921e+00 -2.619545067139608108e+00
7.100753300309044391e+00 -5.342872502926054423e+00
3.588930866571522937e+00 -6.632908789266543259e+00
-2.285806743102705152e-01 -6.673494101650531363e+00
-4.006503893010725292e+00 -5.702015751065911076e+00
-7.470520674020598939e+00 -3.794555594801186871e+00
-1.030736321752380213e+01 -1.006593165085215347e+00
-1.195418708156971022e+01 2.604832477797325296e+00
-1.159746661472839513e+01 6.627327526316957318e+00
-9.262298837831998810e+00 9.060702230993522122e+00
-5.473066742877804813e+00 1.053513655100561586e+01
-1.243441587677557525e+00 1.040626558677320901e+01
2.777686964386238522e+00 9.180184683871335238e+00
