1.394476011083102172e-04 1.877128343477956339e-05
1.220684748607860797e-04 7.401340184082734800e-05
8.610552986918742959e-05 1.179876507497678407e-04
3.703379850357696283e-05 1.439993493927731378e-04
-1.767599297198346948e-05 1.480884524480818171e-04
-6.969477475083466779e-05 1.296324310433342943e-04
-1.111031588585776291e-04 9.144104713315285703e-05
-1.355970941827452578e-04 3.932859271210532143e-05
-1.394476011083098377e-04 -1.877128343477950579e-05
-1.220684748607861204e-04 -7.401340184082729379e-05
-8.610552986918780906e-05 -1.179876507497677594e-04
-3.703379850357758625e-05 -1.439993493927731920e-04
1.767599297198302563e-05 -1.480884524480817900e-04
6.969477475083462714e-05 -1.296324310433343214e-04
1.111031588585780085e-04 -9.144104713315289769e-05
1.355970941827457999e-04 -3.932859271210539597e-05
1.404728664504748643e-04 1.890929618064722938e-05
1.229659630617373721e-04 7.455757309339814754e-05
8.673860648608125413e-05 1.188551353687622469e-04
3.730608336034515484e-05 1.450580807087173440e-04
-1.780595277651560174e-05 1.491772482155465172e-04
-7.020719401451562178e-05 1.305855319766811146e-04
-1.119200263936041931e-04 9.211335225516102503e-05
-1.365940493118322871e-04 3.961774966241037911e-05
-1.404728664504744577e-04 -1.890929618064722938e-05
-1.229659630617373179e-04 -7.455757309339816109e-05
-8.673860648608156584e-05 -1.188551353687622469e-04
-3.730608336034562918e-05 -1.450580807087173711e-04
1.780595277651525615e-05 -1.491772482155463546e-04
7.020719401451560823e-05 -1.305855319766809249e-04
1.119200263936045048e-04 -9.211335225516111989e-05
1.365940493118328021e-04 -3.961774966241045365e-05
1.409714198105051686e-04 1.897640731310209274e-05
1.234023825326493779e-04 7.482218596505567441e-05
8.704645115958094639e-05 1.192769650686343556e-04
3.743848667551106493e-05 1.455729074888942331e-04
-1.786914802417848369e-05 1.497066943656624814e-04
-7.045636692141708237e-05 1.310489941198224415e-04
-1.123172426434265259e-04 9.244027248132938605e-05
-1.370788363313142383e-04 3.975835733071059495e-05
-1.409714198105050872e-04 -1.897640731310214018e-05
-1.234023825326493508e-04 -7.482218596505583704e-05
-8.704645115958106836e-05 -1.192769650686344098e-04
-3.743848667551122079e-05 -1.455729074888941789e-04
1.786914802417842609e-05 -1.497066943656624543e-04
7.045636692141712303e-05 -1.310489941198222518e-04
1.123172426434266343e-04 -9.244027248132931829e-05
1.370788363313143196e-04 -3.975835733071062206e-05
1.409714198105050330e-04 1.897640731310208258e-05
1.234023825326493508e-04 7.482218596505568796e-05
8.704645115958109546e-05 1.192769650686343827e-04
3.743848667551124789e-05 1.455729074888942060e-04
-1.786914802417835155e-05 1.497066943656625085e-04
-7.045636692141705527e-05 1.310489941198224686e-04
-1.123172426434266885e-04 9.244027248132939960e-05
-1.370788363313144281e-04 3.975835733071063561e-05
-1.409714198105052228e-04 -1.897640731310209274e-05
-1.234023825326493779e-04 -7.482218596505574217e-05
-8.704645115958093283e-05 -1.192769650686343556e-04
-3.743848667551104460e-05 -1.455729074888943144e-04
1.786914802417852434e-05 -1.497066943656624001e-04
7.045636692141704171e-05 -1.310489941198222789e-04
1.123172426434264310e-04 -9.244027248132927763e-05
1.370788363313141570e-04 -3.975835733071062206e-05
1.404728664504743764e-04 1.890929618064727681e-05
1.229659630617373179e-04 7.455757309339816109e-05
8.673860648608163360e-05 1.188551353687621791e-04
3.730608336034569016e-05 1.450580807087173440e-04
-1.780595277651516806e-05 1.491772482155464088e-04
-7.020719401451554046e-05 1.305855319766810875e-04
-1.119200263936045319e-04 9.211335225516114700e-05
-1.365940493118326937e-04 3.961774966241041299e-05
-1.404728664504747559e-04 -1.890929618064725310e-05
-1.229659630617373450e-04 -7.455757309339816109e-05
-8.673860648608125413e-05 -1.188551353687622469e-04
-3.730608336034513451e-05 -1.450580807087175608e-04
1.780595277651558141e-05 -1.491772482155464088e-04
7.020719401451558112e-05 -1.305855319766809791e-04
1.119200263936041254e-04 -9.211335225516106568e-05
1.365940493118321787e-04 -3.961774966241031135e-05
1.394476011083097293e-04 1.877128343477956339e-05
1.220684748607860797e-04 7.401340184082737510e-05
8.610552986918789038e-05 1.179876507497675561e-04
3.703379850357771500e-05 1.439993493927730294e-04
-1.767599297198291382e-05 1.480884524480818442e-04
-6.969477475083458648e-05 1.296324310433344027e-04
-1.111031588585780763e-04 9.144104713315300611e-05
-1.355970941827458541e-04 3.932859271210545018e-05
-1.394476011083102172e-04 -1.877128343477946852e-05
-1.220684748607860797e-04 -7.401340184082732089e-05
-8.610552986918738893e-05 -1.179876507497676916e-04
-3.703379850357702382e-05 -1.439993493927733547e-04
1.767599297198342543e-05 -1.480884524480819526e-04
6.969477475083457293e-05 -1.296324310433344298e-04
1.111031588585775613e-04 -9.144104713315288414e-05
1.355970941827452578e-04 -3.932859271210531466e-05
