-6.756896652227649359e-05 1.308955545817297819e-04
-1.095943399400138091e-04 9.347194184002868356e-05
-1.349349685770495578e-04 4.181807327844594521e-05
-1.397329714367655793e-04 -1.620221785800195479e-05
-1.232578960777742808e-04 -7.175586819903964511e-05
-8.801792337655232456e-05 -1.163853380753385891e-04
-3.937801972571254025e-05 -1.432961952653842705e-04
1.525683046572928526e-05 -1.483915057095196936e-04
6.756896652227633096e-05 -1.308955545817298090e-04
1.095943399400135923e-04 -9.347194184002865646e-05
1.349349685770494223e-04 -4.181807327844584357e-05
1.397329714367656606e-04 1.620221785800203949e-05
1.232578960777745789e-04 7.175586819903972643e-05
8.801792337655240587e-05 1.163853380753386162e-04
3.937801972571256735e-05 1.432961952653841349e-04
-1.525683046572928526e-05 1.483915057095196123e-04
-6.806575613379058304e-05 1.318579424212440248e-04
-1.104001141343697207e-04 9.415917877828888945e-05
-1.359270555375177692e-04 4.212553372142041966e-05
-1.407603349169054077e-04 -1.632134197562019353e-05
-1.241641293008078392e-04 -7.228344131020613729e-05
-8.866506054929712219e-05 -1.172410419563403502e-04
-3.966754007993135032e-05 -1.443497567573136025e-04
1.536900377945764427e-05 -1.494825296257893408e-04
6.806575613379037975e-05 -1.318579424212440519e-04
1.104001141343695445e-04 -9.415917877828887590e-05
1.359270555375176879e-04 -4.212553372142038578e-05
1.407603349169055974e-04 1.632134197562026468e-05
1.241641293008080018e-04 7.228344131020616439e-05
8.866506054929729837e-05 1.172410419563403231e-04
3.966754007993146552e-05 1.443497567573135212e-04
-1.536900377945772219e-05 1.494825296257892323e-04
-6.830732884659271949e-05 1.323259204863460312e-04
-1.107919360515856929e-04 9.449335986353201756e-05
-1.364094753241259128e-04 4.227504178593548815e-05
-1.412599085335410130e-04 -1.637926817936169652e-05
-1.246048011929841643e-04 -7.253998304278671757e-05
-8.897974241613108436e-05 -1.176571430645312658e-04
-3.980832445979565573e-05 -1.448620696193588311e-04
1.542355003218378161e-05 -1.500130592525700560e-04
6.830732884659243488e-05 -1.323259204863460583e-04
1.107919360515854083e-04 -9.449335986353197690e-05
1.364094753241259399e-04 -4.227504178593538651e-05
1.412599085335411757e-04 1.637926817936168297e-05
1.246048011929844353e-04 7.253998304278681244e-05
8.897974241613132830e-05 1.176571430645313607e-04
3.980832445979579125e-05 1.448620696193588311e-04
-1.542355003218387987e-05 1.500130592525700832e-04
-6.830732884659273304e-05 1.323259204863460312e-04
-1.107919360515857607e-04 9.449335986353203111e-05
-1.364094753241258586e-04 4.227504178593542716e-05
-1.412599085335409859e-04 -1.637926817936169652e-05
-1.246048011929841914e-04 -7.253998304278678534e-05
-8.897974241613105725e-05 -1.176571430645313607e-04
-3.980832445979565573e-05 -1.448620696193587227e-04
1.542355003218374434e-05 -1.500130592525700560e-04
6.830732884659246199e-05 -1.323259204863459499e-04
1.107919360515854083e-04 -9.449335986353197690e-05
1.364094753241258586e-04 -4.227504178593547460e-05
1.412599085335411485e-04 1.637926817936164909e-05
1.246048011929843811e-04 7.253998304278675823e-05
8.897974241613135541e-05 1.176571430645313607e-04
3.980832445979575737e-05 1.448620696193588311e-04
-1.542355003218392391e-05 1.500130592525701103e-04
-6.806575613379081343e-05 1.318579424212440790e-04
-1.104001141343697207e-04 9.415917877828890300e-05
-1.359270555375176608e-04 4.212553372142039933e-05
-1.407603349169052451e-04 -1.632134197562030872e-05
-1.241641293008076223e-04 -7.228344131020623215e-05
-8.866506054929708153e-05 -1.172410419563402960e-04
-3.966754007993135032e-05 -1.443497567573136567e-04
1.536900377945764427e-05 -1.494825296257893950e-04
6.806575613379044752e-05 -1.318579424212439706e-04
1.104001141343695716e-04 -9.415917877828887590e-05
1.359270555375176066e-04 -4.212553372142045354e-05
1.407603349169056245e-04 1.632134197562021724e-05
1.241641293008080018e-04 7.228344131020615084e-05
8.866506054929727126e-05 1.172410419563403231e-04
3.966754007993135032e-05 1.443497567573136025e-04
-1.536900377945788821e-05 1.494825296257894492e-04
-6.756896652227666977e-05 1.308955545817299174e-04
-1.095943399400139718e-04 9.347194184002871067e-05
-1.349349685770494223e-04 4.181807327844587745e-05
-1.397329714367654438e-04 -1.620221785800206321e-05
-1.232578960777742266e-04 -7.175586819903976708e-05
-8.801792337655221614e-05 -1.163853380753387110e-04
-3.937801972571252669e-05 -1.432961952653841349e-04
1.525683046572926493e-05 -1.483915057095197207e-04
6.756896652227631741e-05 -1.308955545817297819e-04
1.095943399400136194e-04 -9.347194184002867001e-05
1.349349685770495849e-04 -4.181807327844594521e-05
1.397329714367656606e-04 1.620221785800196834e-05
1.232578960777746060e-04 7.175586819903968577e-05
8.801792337655244653e-05 1.163853380753386839e-04
3.937801972571248604e-05 1.432961952653842162e-04
-1.525683046572959866e-05 1.483915057095198020e-04
