1.524390978073845382e+01 9.487935895702395150e-01
1.225831755344286833e+01 3.934413303267424666e+00
5.963604395972976313e+00 6.528724475600327537e+00
3.298984103590480110e+00 8.337290239486724985e+00
-1.680096763271891280e+00 1.371933273279170962e+01
-4.476456111630029433e+00 1.496927906178945378e+01
-7.023957551137643307e+00 1.472342729070916612e+01
-2.123794708037391743e+01 -1.181623622691518349e+01
-1.981984558565494225e+01 -1.414822813631482923e+01
-1.756809960623096245e+01 -1.683857724163706848e+01
-1.476936502799283879e+01 -1.934874268228625382e+01
-1.159164977599909108e+01 -2.139102512853265381e+01
-8.408085177814900391e+00 -2.281361791666504502e+01
-5.785340498746809779e+00 -2.353359028715851764e+01
1.623355023844764489e+01 -4.677652203727462599e+00
1.622748329514396559e+01 -1.990488158956879916e+00
1.293407894588757401e+01 1.198315987652335490e+00
9.998431323878342880e+00 5.103252564088144538e+00
7.593424952046829546e+00 8.366404047357196561e+00
4.016024586223942094e+00 1.068263930075015899e+01
-4.071555496770470906e-02 1.179340131451960438e+01
-4.212940735912738432e+00 1.273228936668116340e+01
-7.250230844033653810e+00 1.200909982536166609e+01
-1.972151529565328687e+01 -9.624407827154778161e+00
-1.817953241139758802e+01 -1.236573031272829404e+01
-1.601218404779707782e+01 -1.491853584731140714e+01
-1.332375860290146541e+01 -1.734702031801472089e+01
-1.026732738244708898e+01 -1.930592661717585656e+01
-7.174575227522312026e+00 -2.072596675618350304e+01
-4.082696348505873374e+00 -2.149086972884542490e+01
1.355906505993742961e+01 -5.439342775983165623e+00
1.388470332185950618e+01 -2.283268214165263377e+00
1.010937083037185147e+01 6.494361842704146071e-01
1.172250783121046069e+01 8.651437849047416861e+00
9.186418950804299044e+00 1.135968355271699437e+01
5.952945759704946660e+00 1.339643871064736658e+01
2.456674845714015731e+00 1.383881525780820887e+01
-4.488964838856097650e+00 9.879820671787490127e+00
-7.442914887797442702e+00 8.135334051452247195e+00
-8.061997702105720975e+00 3.143292797370493830e+00
-1.592948473001163556e+01 -9.265394209276429649e+00
-1.374365937201141463e+01 -1.196764457201754972e+01
-1.113776322734934432e+01 -1.434461318604411950e+01
-8.052111596812792982e+00 -1.623998979564002099e+01
-4.810475445027036834e+00 -1.751897753944818703e+01
5.044079353797511267e+00 -7.225047021393075752e+00
9.521068496344520682e+00 -6.100066989463365452e+00
1.099233041598455074e+01 -3.078606674483330252e+00
1.595644196155113193e+01 9.320726143837323008e+00
1.373719103451042045e+01 1.199971403201040232e+01
1.110540740061223275e+01 1.434682110603026928e+01
8.004703322768969898e+00 1.624310168972845858e+01
4.757586590163434437e+00 1.743971403834155964e+01
-4.685576348266010882e+00 7.169113899664404599e+00
-9.345777776128699088e+00 6.028719488538134108e+00
-1.082479867309974075e+01 3.036161278516601225e+00
-1.001698052139738770e+01 -7.139764355541931007e-01
-1.172999116002316988e+01 -8.616571561087839726e+00
-9.220919758611643147e+00 -1.136935497358247282e+01
-5.989529978881526162e+00 -1.343149139595715980e+01
-2.550865282037166004e+00 -1.396354928789066996e+01
4.584610640016896888e+00 -9.905988753863255170e+00
7.695054582190291370e+00 -8.325706498830014013e+00
8.242300426722806606e+00 -3.208000186439810886e+00
1.817891579872092223e+01 1.244076529903843387e+01
1.598551851311198746e+01 1.496729052972310647e+01
1.327582872736001462e+01 1.736912245017856193e+01
1.019748243745824645e+01 1.929775200190650253e+01
7.083297634759907702e+00 2.066452293131251849e+01
3.962504053047019692e+00 2.137743754105278171e+01
-1.337254738569153112e+01 5.476222873108460121e+00
-1.375633756893494919e+01 2.340489371569559385e+00
-1.287677727164071229e+01 -1.126655939227477754e+00
-1.004159725549902404e+01 -5.054981977355993195e+00
-7.639302657207299063e+00 -8.370056301503527862e+00
-4.045703817612697151e+00 -1.071224077332968783e+01
-1.230033881075041080e-01 -1.176912360386426748e+01
4.147339864838282431e+00 -1.275171280875823676e+01
7.224780551403176432e+00 -1.212093913833803072e+01
1.974967725854732237e+01 9.718867596666388664e+00
1.980274016625600453e+01 1.423878640371195914e+01
1.752738646989538651e+01 1.689913307248756880e+01
1.470656961568316490e+01 1.938184033269807927e+01
1.152613614300537037e+01 2.138210672784784805e+01
8.297849488951747787e+00 2.276507720257512801e+01
5.648109234605493967e+00 2.344173088393543836e+01
-1.606187415398596841e+01 4.788492077126067947e+00
-1.610572905890674633e+01 2.099519147505600092e+00
-1.518745931846161312e+01 -8.700991713931538474e-01
-1.232279297229755421e+01 -3.881241858742971562e+00
-6.019282748288993012e+00 -6.529134440380333082e+00
-3.427052337947051885e+00 -8.322747385556112931e+00
1.559829710849422568e+00 -1.360879414848429647e+01
4.333687031417298385e+00 -1.499004627981009996e+01
6.905371030266494792e+00 -1.481900572304774322e+01
2.124429713317468682e+01 1.192683471668264694e+01
