3.164860644801386274e-05 -1.412402071957719833e-04
8.164958489260006850e-05 -1.412402071957719833e-04
1.192201541926181195e-04 -1.412402071957719833e-04
1.386405357501991557e-04 -1.412402071957719833e-04
1.369541525193986443e-04 -1.412402071957719833e-04
1.144177410600036304e-04 -1.412402071957719833e-04
7.446226572362855912e-05 -1.412402071957719833e-04
2.317058543295071000e-05 -1.412402071957719833e-04
-3.164860644801378820e-05 -1.412402071957719833e-04
-8.164958489260014981e-05 -1.412402071957719833e-04
-1.192201541926182415e-04 -1.412402071957719833e-04
-1.386405357501992641e-04 -1.412402071957719833e-04
-1.369541525193985088e-04 -1.412402071957719833e-04
-1.144177410600035085e-04 -1.412402071957719833e-04
-7.446226572362857267e-05 -1.412402071957719833e-04
-2.317058543295078793e-05 -1.412402071957719833e-04
3.188129757400712429e-05 -1.137383236241782514e-04
8.224989991363433877e-05 -1.137383236241782514e-04
1.200967005886101796e-04 -1.137383236241782514e-04
1.396598672782719706e-04 -1.137383236241782514e-04
1.379610851946664284e-04 -1.137383236241782514e-04
1.152589785105243573e-04 -1.137383236241782514e-04
7.500973717339692339e-05 -1.137383236241782514e-04
2.334094331658057291e-05 -1.137383236241782514e-04
-3.188129757400706330e-05 -1.137383236241782514e-04
-8.224989991363435232e-05 -1.137383236241782514e-04
-1.200967005886102203e-04 -1.137383236241782514e-04
-1.396598672782718893e-04 -1.137383236241782514e-04
-1.379610851946662658e-04 -1.137383236241782514e-04
-1.152589785105243302e-04 -1.137383236241782514e-04
-7.500973717339700470e-05 -1.137383236241782514e-04
-2.334094331658054919e-05 -1.137383236241782514e-04
3.199444773908372952e-05 -4.189595440024522683e-05
8.254181368317775613e-05 -4.189595440024522683e-05
1.205229367374121755e-04 -4.189595440024522683e-05
1.401555352165178496e-04 -4.189595440024522683e-05
1.384507239719991623e-04 -4.189595440024522683e-05
1.156680450616817939e-04 -4.189595440024522683e-05
7.527595482416282366e-05 -4.189595440024522683e-05
2.342378284289483388e-05 -4.189595440024522683e-05
-3.199444773908368886e-05 -4.189595440024522683e-05
-8.254181368317767482e-05 -4.189595440024522683e-05
-1.205229367374122161e-04 -4.189595440024522683e-05
-1.401555352165178225e-04 -4.189595440024522683e-05
-1.384507239719993520e-04 -4.189595440024522683e-05
-1.156680450616817533e-04 -4.189595440024522683e-05
-7.527595482416287787e-05 -4.189595440024522683e-05
-2.342378284289486776e-05 -4.189595440024522683e-05
3.199444773908366175e-05 4.189595440024517940e-05
8.254181368317770192e-05 4.189595440024517940e-05
1.205229367374122568e-04 4.189595440024517940e-05
1.401555352165179038e-04 4.189595440024517940e-05
1.384507239719991352e-04 4.189595440024517940e-05
1.156680450616817262e-04 4.189595440024517940e-05
7.527595482416285077e-05 4.189595440024517940e-05
2.342378284289483388e-05 4.189595440024517940e-05
-3.199444773908360754e-05 4.189595440024517940e-05
-8.254181368317764771e-05 4.189595440024517940e-05
-1.205229367374122568e-04 4.189595440024517940e-05
-1.401555352165179038e-04 4.189595440024517940e-05
-1.384507239719992978e-04 4.189595440024517940e-05
-1.156680450616817939e-04 4.189595440024517940e-05
-7.527595482416283722e-05 4.189595440024517940e-05
-2.342378284289481016e-05 4.189595440024517940e-05
3.188129757400702264e-05 1.137383236241782243e-04
8.224989991363436588e-05 1.137383236241782243e-04
1.200967005886101796e-04 1.137383236241782243e-04
1.396598672782720248e-04 1.137383236241782243e-04
1.379610851946662929e-04 1.137383236241782243e-04
1.152589785105243166e-04 1.137383236241782243e-04
7.500973717339701826e-05 1.137383236241782243e-04
2.334094331658059663e-05 1.137383236241782243e-04
-3.188129757400711073e-05 1.137383236241782243e-04
-8.224989991363435232e-05 1.137383236241782243e-04
-1.200967005886101796e-04 1.137383236241782243e-04
-1.396598672782721061e-04 1.137383236241782243e-04
-1.379610851946663200e-04 1.137383236241782243e-04
-1.152589785105241946e-04 1.137383236241782243e-04
-7.500973717339692339e-05 1.137383236241782243e-04
-2.334094331658059663e-05 1.137383236241782243e-04
3.164860644801374077e-05 1.412402071957719833e-04
8.164958489260010915e-05 1.412402071957719833e-04
1.192201541926182686e-04 1.412402071957719833e-04
1.386405357501992641e-04 1.412402071957719833e-04
1.369541525193986172e-04 1.412402071957719833e-04
1.144177410600035762e-04 1.412402071957719833e-04
7.446226572362864044e-05 1.412402071957719833e-04
2.317058543295082181e-05 1.412402071957719833e-04
-3.164860644801384919e-05 1.412402071957719833e-04
-8.164958489260012271e-05 1.412402071957719833e-04
-1.192201541926183635e-04 1.412402071957719833e-04
-1.386405357501991828e-04 1.412402071957719833e-04
-1.369541525193986443e-04 1.412402071957719833e-04
-1.144177410600035627e-04 1.412402071957719833e-04
-7.446226572362849136e-05 1.412402071957719833e-04
-2.317058543295076421e-05 1.412402071957719833e-04
