1.379217115466871313e+00 3.416253159895049407e+00
2.387300691649231421e+00 2.832266531051252478e+00
3.199123654041717835e+00 2.007413271320779291e+00
3.685320250597754477e+00 1.009242108561070328e+00
3.609134269581213417e+00 6.215910303190800971e-05
2.649584260702457783e+00 -6.391607031846268105e-01
1.356827388501069986e+00 -9.795726596673968167e-01
4.793330183493828001e-01 -9.976500309861175975e-01
-1.352852524088845321e-01 -7.822551582237506906e-01
-6.746650200193754499e-01 -4.709573476713134754e-01
-1.151891994910078321e+00 -2.803925377808591871e-02
-1.549384058467491387e+00 7.732498207275088076e-01
-1.840499730693469838e+00 2.041640393218744798e+00
-1.719565711670615116e+00 3.133507167942628069e+00
-8.608482788145328524e-01 3.688054243209493155e+00
2.545731214359341354e-01 3.716568159194933774e+00
1.213815004214680915e+00 3.046096029075932243e+00
2.145800276859627154e+00 2.501410950601908212e+00
2.892126851795874476e+00 1.727641575455643119e+00
3.398266044065235025e+00 7.831442461192753557e-01
3.431610414338669202e+00 -2.608813173321776202e-01
2.608641647258854501e+00 -9.566244656946477631e-01
1.320453385127377199e+00 -1.317870502327220361e+00
4.083370239277454572e-01 -1.376821662384263956e+00
-3.036635015253090208e-01 -1.190615135284196713e+00
-9.351424229495176599e-01 -8.014782547916181610e-01
-1.444722508439819642e+00 -2.605162596940354125e-01
-1.821199625205429884e+00 5.704248867227537101e-01
-2.146029024847488476e+00 1.849589623520815573e+00
-1.847387138993432432e+00 2.876507843773095097e+00
-9.179506429330631656e-01 3.323555944638718618e+00
1.500709416929152662e-01 3.328991224794346948e+00
9.028458489193802450e-01 2.399302063201401936e+00
1.744146923507062130e+00 1.924673816468595033e+00
2.385483394837899507e+00 1.230642488568609361e+00
2.859486986986458756e+00 3.437475145330969317e-01
3.211073606126503055e+00 -8.740557596397542373e-01
2.583241509494675903e+00 -1.714799910745717249e+00
1.178228802669705644e+00 -1.977745933715165938e+00
2.262940953695197488e-01 -2.037842905849045483e+00
-6.210917785907412725e-01 -1.845721017569637024e+00
-1.373360303025606521e+00 -1.398865820346901767e+00
-1.944579178197839653e+00 -7.543406505928580419e-01
-2.336471564080321528e+00 1.126180065127781876e-01
-2.770770333267866814e+00 1.460884228253694683e+00
-2.284844504842076240e+00 2.388171339498589507e+00
-1.042180608423020294e+00 2.632010677296896084e+00
-2.662076542064945039e-02 2.633934344438242814e+00
6.239759676843505964e-01 1.841473162871214653e+00
1.391839993013280763e+00 1.402342054554272410e+00
1.951840605016040398e+00 7.556206051603249207e-01
2.348975517955636416e+00 -9.296494806057145621e-02
2.777294016969989343e+00 -1.451868887288723542e+00
2.285145857762532540e+00 -2.384609617730129472e+00
1.049493674456284831e+00 -2.633451541149091302e+00
2.825900199878766950e-02 -2.634627238830225426e+00
-9.051637710344954124e-01 -2.403506613332182074e+00
-1.735203633951694746e+00 -1.928817687453302288e+00
-2.389673060498988644e+00 -1.231506732512453128e+00
-2.845701091436151131e+00 -3.324982811426234752e-01
-3.218273897909689207e+00 8.584559293189016893e-01
-2.586511940540934251e+00 1.717106670072988228e+00
-1.184254408167388029e+00 1.984371165064926723e+00
-2.271336544965084914e-01 2.026850764254089832e+00
3.092950990181930204e-01 1.187994040875707480e+00
9.521412156571350538e-01 8.109946762397344244e-01
1.443380012935058909e+00 2.675734007287763894e-01
1.822878210177993896e+00 -5.720714116512101155e-01
2.126348359076765782e+00 -1.874802397133807252e+00
1.859155705107650158e+00 -2.883384943083118657e+00
9.140241949693641565e-01 -3.312670557007499905e+00
-1.509887950066974016e-01 -3.307127147958414781e+00
-1.217027189946031207e+00 -3.053322017224552987e+00
-2.147852692215931558e+00 -2.506934870217620848e+00
-2.906425622478307158e+00 -1.739204461670124546e+00
-3.409617946589247328e+00 -7.846769786380393130e-01
-3.433766136252898171e+00 2.447976575601047144e-01
-2.613642581328963654e+00 9.463240401209894737e-01
-1.322032431507116135e+00 1.317748103016784578e+00
-4.145468590729244895e-01 1.363852367776176466e+00
1.406103319449329425e-01 7.815171553441735419e-01
6.693007813223063041e-01 4.764823905180409214e-01
1.149523998419651472e+00 3.532133524418561848e-02
1.545236769364194185e+00 -7.573171297625627130e-01
1.843646992690346265e+00 -2.037552305542711384e+00
1.718021087174872230e+00 -3.157220304146859835e+00
8.511406465550174216e-01 -3.684981499619215395e+00
-2.655989468156098599e-01 -3.718792147277527604e+00
-1.377576828551094090e+00 -3.418165529504610944e+00
-2.390428248223394281e+00 -2.831957861222050621e+00
-3.203461219026277895e+00 -2.004552860658876501e+00
-3.693895004322383713e+00 -1.010718558841731785e+00
-3.593347706237122186e+00 1.114143606834233418e-03
-2.648148641548939697e+00 6.496545674733248399e-01
-1.361876692300334923e+00 9.959638177243025359e-01
-4.715616196024491336e-01 9.979574129136045135e-01
