5.820629855303423028e-01 3.308089684369093675e+01
-1.282878583355885616e-01 3.324732707376438867e+01
-3.641783179450933261e+01 2.981481726531234888e-01
-3.613501875035414912e+01 -5.286317231631010305e-01
-3.588674570213952819e+01 -1.531524348220001386e+00
-6.908968511507793231e+00 -3.328768299022317478e+01
-6.287246129521724569e+00 -3.329171399582392610e+01
-3.304528170671245491e+00 -3.349629842331831497e+01
-1.102110088612737737e+00 -3.379844190604558207e+01
-3.818235435967256008e-01 -3.395897548520662212e+01
3.615601130875869984e+01 -1.923732542193439532e-01
3.589415908438405012e+01 6.447509830028325117e-01
3.567447647283773193e+01 1.650922744974400169e+00
6.406633839775113692e+00 3.243270621261481068e+01
5.779828348116199166e+00 3.246051390537511594e+01
2.834424920718175755e+00 3.273584158826147217e+01
7.724546303341106590e-01 3.243375483556359029e+01
-5.533531804622257022e-01 3.271956006975214848e+01
-3.582264193968993027e+01 7.005798283363940948e-01
-3.556038139949935584e+01 -5.812506724521686596e-01
-3.495352563848984317e+01 -1.714087173539841080e+00
-7.262377912105691280e+00 -3.277674662326296584e+01
-5.866124584222009553e+00 -3.278394509233257281e+01
-3.201307382546842994e+00 -3.260263833880578233e+01
-1.291724231072374884e+00 -3.315437484372974097e+01
3.758490915925614961e-02 -3.342973662742087271e+01
3.554547490333340676e+01 -5.835365274249810774e-01
3.532260838836578642e+01 7.041622390205695137e-01
3.475345138261651812e+01 1.845860639845251505e+00
6.753277620203716580e+00 3.191374244796728732e+01
5.357347313274387623e+00 3.195412311385596027e+01
2.694945593677930962e+00 3.185073153504158583e+01
5.974611057900214295e-01 2.948639295657457637e+01
-1.983679300508448407e+01 1.332857700944050272e+01
-2.078008100838972183e+01 1.252266705684667691e+01
-3.293022136322974092e+01 -7.432061034732071469e-01
-2.802456927441414436e+01 -4.021180332575490013e+00
-2.739577072243137223e+01 -5.064997421232572350e+00
-4.159873346667148475e+00 -2.817098140098242354e+01
-2.984062249461307381e+00 -2.877163726431063040e+01
-1.135766906789785979e+00 -3.020521238941593722e+01
2.100026790899434204e+01 -1.262901722727988130e+01
2.189266614398505340e+01 -1.175532063108585135e+01
3.274306080121476725e+01 9.276491313889467794e-01
2.755790609802481583e+01 4.532087166070855488e+00
2.694514375232393633e+01 5.589873845159421428e+00
3.683723058054802380e+00 2.744900815787413961e+01
2.493687699407222347e+00 2.803065194755116352e+01
-1.559727450564117213e+01 1.500156110947357568e+01
-1.874532746840528930e+01 1.306428234960531043e+01
-1.987368769523871848e+01 1.197198332919355579e+01
-2.338286643013510258e+01 1.316118456148293925e+00
-2.650416637937981790e+01 -3.986711074875347371e+00
-2.597812837814072751e+01 -5.071325679229391703e+00
-3.831667600192046663e+00 -2.671698596338999110e+01
-2.848472225698813087e+00 -2.737121875516359992e+01
1.682242360643971324e+01 -1.466786877730330652e+01
1.988664017458068400e+01 -1.247927694910466734e+01
2.092361798507742776e+01 -1.128616775120257465e+01
2.342417777101557874e+01 -9.143573425232790486e-01
2.606380674188280011e+01 4.510841443213874591e+00
2.551942873094280273e+01 5.602805928785194567e+00
3.363571076065734466e+00 2.598678278575330225e+01
2.352293335059238988e+00 2.661527768825982676e+01
-1.326155902688124044e+01 1.440558742960631911e+01
-1.457584769731107599e+01 1.362729292388144842e+01
-2.034965175216997935e+01 3.366613072261305017e+00
-2.074904412089917116e+01 2.061330585680490657e+00
-2.120815431400041717e+01 -3.554278653990654124e+00
-2.061220231876815490e+01 -5.266799600657253499e+00
-1.986352004332801968e+01 -6.659538392217709379e+00
1.327499229547782456e+01 -1.518888613319825609e+01
1.447985136193353561e+01 -1.424420372319543482e+01
1.575011451763289294e+01 -1.339529701413938945e+01
2.043511279805667868e+01 -3.206832463348550544e+00
2.075916206251154250e+01 -1.879883924615640911e+00
2.093308739376241689e+01 4.199783168668120403e+00
2.023807740665725063e+01 5.828722762302906979e+00
1.939323775956826879e+01 7.198753048938558052e+00
-1.201309175908974503e+01 1.529880864642299798e+01
-1.265026442181830291e+01 1.429152891597983377e+01
-1.355038047022869385e+01 1.345979495905551993e+01
-1.997105291369055990e+01 2.859742137255603112e+00
-2.010241284255803151e+01 2.343368586862205838e+00
-2.045429384482935475e+01 -4.005421597954276436e+00
-2.005367673292532871e+01 -5.348581862272705933e+00
-1.974130169821077629e+01 -6.072673678750230231e+00
1.316927048126241928e+01 -1.459557956722047223e+01
1.386278232353913786e+01 -1.417549826375257993e+01
1.472904293873970971e+01 -1.329688613598021441e+01
2.002868132175075999e+01 -2.714529791690260208e+00
2.012968931009146445e+01 -2.199383335844076637e+00
2.014729485694153510e+01 4.616226543069426036e+00
1.967512079603457309e+01 5.904656047363111782e+00
1.931723040428138205e+01 6.608163311112267735e+00
-1.192818638484040861e+01 1.469114249364569780e+01
