1.006674918810883000e-04 8.160799923376285095e-05
1.095957980613003501e-04 8.630016529813350863e-05
1.160974285158537518e-04 9.084859308329916862e-05
1.219624048670715858e-04 9.515253409414789552e-05
1.293434305510417302e-04 9.639760743181143943e-05
1.281438487047922858e-04 1.003346983056182504e-04
1.280032773645171104e-04 1.006953761667193394e-04
1.099857911068267741e-04 7.188286631045920111e-05
1.174641581918477493e-04 7.410069919655988817e-05
1.236075512831123649e-04 7.729732150281791415e-05
1.288966743839005098e-04 8.081902538742161634e-05
1.340850724393293978e-04 8.694688122766264986e-05
1.344465666983512295e-04 8.476545952810684290e-05
1.344969474125479441e-04 8.475028566334390473e-05
1.197053270490015348e-04 6.124446914858068666e-05
1.257248861511581673e-04 6.058690392803661463e-05
1.303669401566469018e-04 6.273765122255215386e-05
1.345391949219804193e-04 6.519846967259245233e-05
1.385052021906288259e-04 6.768481444452833660e-05
1.394498060299457359e-04 6.810712242635623360e-05
1.396265210450191503e-04 6.805085864687158189e-05
1.314513747183299183e-04 4.558747742659669260e-05
1.329352774337554804e-04 4.603137323932792656e-05
1.361188899985512702e-04 4.719286987511738370e-05
1.392055831390867616e-04 4.853625512272564322e-05
1.422396578102347548e-04 4.993187376161512426e-05
1.432588124511345292e-04 5.051614885845160226e-05
1.435174490300932069e-04 5.068552343563935560e-05
1.375527334840192769e-04 3.017053809838082955e-05
1.384353429161489662e-04 3.041373047643393401e-05
1.404266024069750522e-04 3.095400643758374458e-05
1.426779429948321122e-04 3.147609094084130512e-05
1.450182362329030441e-04 3.191425242113286436e-05
1.459636757282277788e-04 3.268846336384047762e-05
1.462226574855351156e-04 3.296713437748010879e-05
1.408679674554366495e-04 1.408893300880451295e-05
1.415160452747779639e-04 1.418254510077361199e-05
1.429949278451066749e-04 1.436716338934711275e-05
1.447426397154599710e-04 1.437701573977361486e-05
1.465765218011515637e-04 1.360500480598695573e-05
1.474953279801055953e-04 1.494022300785805437e-05
1.477479622436322069e-04 1.524019810558163509e-05
1.417662565011793029e-04 -2.286392903404052103e-06
1.423494644297013773e-04 -2.295798826237322413e-06
1.436774977590201860e-04 -2.317217223355719882e-06
1.452601809061730730e-04 -2.342742588879296370e-06
1.468622274548649651e-04 -2.368580245529029555e-06
1.478254024238858831e-04 -2.384114241194402172e-06
1.480721027208229648e-04 -2.388093000471355275e-06
1.403448573310381493e-04 -1.862430710138770557e-05
1.409896078726955403e-04 -1.873876980804408448e-05
1.424618249813218668e-04 -1.897098315576588477e-05
1.442083206099411825e-04 -1.903718975738095522e-05
1.460659407747205414e-04 -1.832471502605180131e-05
1.469415818170023604e-04 -1.968887390459424344e-05
1.471844946103282995e-04 -1.999684113882554251e-05
1.365171507894394007e-04 -3.459071151555872349e-05
1.373915294281716855e-04 -3.486224043261524984e-05
1.393644876914288560e-04 -3.546645092631487865e-05
1.415979745787296004e-04 -3.606086630693064796e-05
1.439230515433550985e-04 -3.657427044077602124e-05
1.448432494260715349e-04 -3.737857020833471207e-05
1.450931876020550401e-04 -3.766544903498044914e-05
1.299260077167690259e-04 -4.980294736322632090e-05
1.313949524216637349e-04 -5.029446642251477042e-05
1.345397864271617077e-04 -5.155802765170916610e-05
1.375819354055129041e-04 -5.300025829083009044e-05
1.405698229735432919e-04 -5.449299857254529629e-05
1.415697708669904655e-04 -5.510983756589644402e-05
1.418228586112425685e-04 -5.528746518502828229e-05
1.176854112258250213e-04 -6.507308473538823989e-05
1.237228908022955268e-04 -6.460997430508798811e-05
1.282937845689403054e-04 -6.690930715815720489e-05
1.323852073527413686e-04 -6.950340142552694910e-05
1.362696728330097180e-04 -7.211635788648589399e-05
1.372002869923759914e-04 -7.256890920851720450e-05
1.373787098212882662e-04 -7.251837305890986712e-05
1.076307425353116641e-04 -7.539256537750228771e-05
1.150343418528719752e-04 -7.785041322352588067e-05
1.210723604371614226e-04 -8.124349619607161154e-05
1.262461556125695395e-04 -8.493394504641506076e-05
1.312359503836719066e-04 -9.122595382701846178e-05
1.316670055014518043e-04 -8.905731428956277030e-05
1.317178453948533506e-04 -8.904377290127700451e-05
9.800630373725176356e-05 -8.481219159661482188e-05
1.067799818540498077e-04 -8.978985360531698174e-05
1.131328313791646225e-04 -9.454559723932270488e-05
1.188571721505289163e-04 -9.903644967097952089e-05
1.261945826029659164e-04 -1.005189005677520060e-04
1.248697375171210235e-04 -1.044152777205031656e-04
1.247177065998879677e-04 -1.047712365198084081e-04
8.126031782409537472e-05 -1.010982090678053856e-04
8.593249345950966674e-05 -1.100647160102338458e-04
9.046154319597334969e-05 -1.165941644219671054e-04
9.474714776564702808e-05 -1.224842347341759325e-04
9.598691661285802879e-05 -1.298968409667267620e-04
9.990723396792015605e-05 -1.286921265746243919e-04
1.002663752028529366e-04 -1.285509537840587118e-04
7.157661770095967088e-05 -1.104563776848702773e-04
7.378500176744801704e-05 -1.179667418046046829e-04
7.696800523536170369e-05 -1.241364200941971459e-04
8.047470530928279566e-05 -1.294481733030743902e-04
8.657645413089298499e-05 -1.346587705031564598e-04
8.440432612532299558e-05 -1.350218114560253462e-04
8.438921690705020412e-05 -1.350724077297743380e-04
6.098354419554937047e-05 -1.202174997547922954e-04
6.032878045531822679e-05 -1.262628142176261880e-04
6.247036474059559918e-05 -1.309247297732993082e-04
6.492069915922451541e-05 -1.351148359999266820e-04
6.739645114781722755e-05 -1.390978122767568697e-04
6.781695993550086894e-05 -1.400464577098461060e-04
6.776093586131960744e-05 -1.402239288199873962e-04
4.539325726972204337e-05 -1.320138042102270560e-04
4.583526191586096554e-05 -1.335040559703245405e-04
4.699181013003430284e-05 -1.367012899795603067e-04
4.832947204070514618e-05 -1.398011898838783136e-04
4.971914480835544091e-05 -1.428482461847692105e-04
5.030093066895120242e-05 -1.438717613934305684e-04
5.046958364541009889e-05 -1.441315045780828001e-04
3.004200002229470137e-05 -1.381412683256539502e-04
3.028415630744569909e-05 -1.390276541015118687e-04
3.082213048556650876e-05 -1.410274334200392013e-04
3.134199070839053863e-05 -1.432884066218242524e-04
3.177828545254827644e-05 -1.456387130677425112e-04
3.254919795938722102e-05 -1.465881977322876966e-04
3.282668172751492804e-05 -1.468482875721729302e-04
1.402890874484314592e-05 -1.414706868985033132e-04
1.412212201335912925e-05 -1.421215375916882507e-04
1.430595375714127216e-05 -1.436067477274337691e-04
1.431576413277358092e-05 -1.453619373796006370e-04
1.354704226197585136e-05 -1.472036659360651011e-04
1.487657192165844032e-05 -1.481264033305996835e-04
1.517526901029225201e-05 -1.483801185182383674e-04
-2.276651991764859492e-06 -1.423728193749641303e-04
-2.286017841755142613e-06 -1.429585226242055453e-04
-2.307344988277231821e-06 -1.442922380934966262e-04
-2.332761605941991995e-06 -1.458816929285093253e-04
-2.358489184252498082e-06 -1.474905940135527412e-04
-2.373956999131058050e-06 -1.484578900350130078e-04
-2.377918807365458150e-06 -1.487056458669184123e-04
-1.854496040241586653e-05 -1.409453385885996082e-04
-1.865893545399401090e-05 -1.415928477679687634e-04
-1.889015948369612692e-05 -1.430713639230841452e-04
-1.895608401976698687e-05 -1.448253321296902969e-04
-1.824664470434188821e-05 -1.466909003312835051e-04
-1.960499174229938149e-05 -1.475702879022537390e-04
-1.991164691787006199e-05 -1.478142400252883189e-04
-3.444334180357353821e-05 -1.371012547740357585e-04
-3.471371390319037947e-05 -1.379793745401206397e-04
-3.531535022820166093e-05 -1.399607743272189434e-04
-3.590723317107119653e-05 -1.422038174393815179e-04
-3.641845000618523814e-05 -1.445388425073172386e-04
-3.721932314792624809e-05 -1.454629775601756411e-04
-3.750497976062452449e-05 -1.457139851247572738e-04
-4.959076768588142843e-05 -1.304819107543807115e-04
-5.008019268525977144e-05 -1.319571405044169768e-04
-5.133837065847708507e-05 -1.351154300359273287e-04
-5.277445684133561454e-05 -1.381705951908524009e-04
-5.426083747631835457e-05 -1.411712667719101932e-04
-5.487504849872399055e-05 -1.421754930548903729e-04
-5.505191935599860245e-05 -1.424296636635225899e-04
-6.479584840996239321e-05 -1.181889414945721921e-04
-6.433471100789830705e-05 -1.242522531064843279e-04
-6.662424782019236384e-05 -1.288427039562276444e-04
-6.920729024999079334e-05 -1.329516323525981763e-04
-7.180911451319134517e-05 -1.368527179553349102e-04
-7.225973779283428704e-05 -1.377873138520545077e-04
-7.220941694662663798e-05 -1.379665000831087666e-04
-7.507136410244045848e-05 -1.080912527731538273e-04
-7.751874057295532157e-05 -1.155265292231244891e-04
-8.089736770927591879e-05 -1.215903821490616420e-04
-8.457209383058391684e-05 -1.267863139890581040e-04
-9.083729623799440564e-05 -1.317974581583230599e-04
-8.867789593760370677e-05 -1.322303575939082329e-04
-8.866441224083042403e-05 -1.322814150115121244e-04
-8.445085909725158230e-05 -9.842563473117436586e-05
-8.940731435464129592e-05 -1.072368520166270655e-04
-9.414279669481749287e-05 -1.136168829229811914e-04
-9.861451637087099032e-05 -1.193657159301892708e-04
-1.000906514576384163e-04 -1.267345203185330340e-04
-1.039704285477238059e-04 -1.254040067339753505e-04
-1.043248708258747614e-04 -1.252513253353631660e-04
-1.006674918810893435e-04 -8.160799923376230885e-05
-1.095957980612933028e-04 -8.630016529814275145e-05
-1.160974285158398198e-04 -9.084859308331541810e-05
-1.219624048670523006e-04 -9.515253409417033850e-05
-1.293434305510175796e-04 -9.639760743183965579e-05
-1.281438487047656958e-04 -1.003346983056488113e-04
-1.280032773644899512e-04 -1.006953761667504831e-04
-1.099857911068245243e-04 -7.188286631046367345e-05
-1.174641581918388318e-04 -7.410069919657215321e-05
-1.236075512830972403e-04 -7.729732150283614230e-05
-1.288966743838810484e-04 -8.081902538744508931e-05
-1.340850724393053285e-04 -8.694688122769166582e-05
-1.344465666983253171e-04 -8.476545952813699727e-05
-1.344969474125215980e-04 -8.475028566337441146e-05
-1.197053270489939589e-04 -6.124446914859150157e-05
-1.257248861511461326e-04 -6.058690392805265404e-05
-1.303669401566305303e-04 -6.273765122257280791e-05
-1.345391949219603344e-04 -6.519846967261684687e-05
-1.385052021906050276e-04 -6.768481444455662073e-05
-1.394498060299202572e-04 -6.810712242638561548e-05
-1.396265210449927499e-04 -6.805085864690141101e-05
-1.314513747183160134e-04 -4.558747742661511726e-05
-1.329352774337401119e-04 -4.603137323934769292e-05
-1.361188899985329472e-04 -4.719286987513990800e-05
-1.392055831390654028e-04 -4.853625512275091869e-05
-1.422396578102109565e-04 -4.993187376164310345e-05
-1.432588124511088336e-04 -5.051614885848053691e-05
-1.435174490300669692e-04 -5.068552343566860873e-05
-1.375527334840017670e-04 -3.017053809840252037e-05
-1.384353429161308601e-04 -3.041373047645632956e-05
-1.404266024069551571e-04 -3.095400643760772577e-05
-1.426779429948097776e-04 -3.147609094086707525e-05
-1.450182362328787580e-04 -3.191425242116065382e-05
-1.459636757282018935e-04 -3.268846336386916154e-05
-1.462226574855086340e-04 -3.296713437750896890e-05
-1.408679674554175405e-04 -1.408893300882755225e-05
-1.415160452747582585e-04 -1.418254510079696469e-05
-1.429949278450857498e-04 -1.436716338937161403e-05
-1.447426397154372569e-04 -1.437701573979945275e-05
-1.465765218011270607e-04 -1.360500480601462152e-05
-1.474953279800796286e-04 -1.494022300788636729e-05
-1.477479622436059692e-04 -1.524019810561014961e-05
-1.417662565011591910e-04 2.286392903380877705e-06
-1.423494644296805878e-04 2.295798826213824448e-06
-1.436774977589983394e-04 2.317217223331219030e-06
-1.452601809061499253e-04 2.342742588853502523e-06
-1.468622274548403537e-04 2.368580245501730953e-06
-1.478254024238596725e-04 2.384114241166301007e-06
-1.480721027207964561e-04 2.388093000442964001e-06
-1.403448573310186879e-04 1.862430710136528969e-05
-1.409896078726753199e-04 1.873876980802124170e-05
-1.424618249813004267e-04 1.897098315574189680e-05
-1.442083206099181161e-04 1.903718975735542904e-05
-1.460659407746953066e-04 1.832471502602442520e-05
-1.469415818169761228e-04 1.968887390456609484e-05
-1.471844946103017637e-04 1.999684113879711609e-05
-1.365171507894213487e-04 3.459071151553817785e-05
-1.373915294281526577e-04 3.486224043259384363e-05
-1.393644876914075785e-04 3.546645092629181225e-05
-1.415979745787065340e-04 3.606086630690548769e-05
-1.439230515433298908e-04 3.657427044074880776e-05
-1.448432494260453514e-04 3.737857020830654992e-05
-1.450931876020279622e-04 3.766544903495181265e-05
-1.299260077167540097e-04 4.980294736320896689e-05
-1.313949524216470924e-04 5.029446642249608827e-05
-1.345397864271422191e-04 5.155802765168739397e-05
-1.375819354054903798e-04 5.300025829080551971e-05
-1.405698229735181926e-04 5.449299857251807604e-05
-1.415697708669639296e-04 5.510983756586790918e-05
-1.418228586112154634e-04 5.528746518499932054e-05
-1.176854112258165781e-04 6.507308473537788576e-05
-1.237228908022824892e-04 6.460997430507251112e-05
-1.282937845689225244e-04 6.690930715813729623e-05
-1.323852073527200641e-04 6.950340142550294757e-05
-1.362696728329840766e-04 7.211635788645807065e-05
-1.372002869923489947e-04 7.256890920848798525e-05
-1.373787098212611883e-04 7.251837305888015998e-05
-1.076307425353087096e-04 7.539256537749727328e-05
-1.150343418528622309e-04 7.785041322351360208e-05
-1.210723604371458507e-04 8.124349619605311234e-05
-1.262461556125486415e-04 8.493394504639127608e-05
-1.312359503836461297e-04 9.122595382698944582e-05
-1.316670055014245637e-04 8.905731428953284632e-05
-1.317178453948256221e-04 8.904377290124648422e-05
-9.800630373725310526e-05 8.481219159661375123e-05
-1.067799818540422183e-04 8.978985360530653275e-05
-1.131328313791505144e-04 9.454559723930523567e-05
-1.188571721505091432e-04 9.903644967095593949e-05
-1.261945826029412237e-04 1.005189005677230036e-04
-1.248697375170940268e-04 1.044152777204719270e-04
-1.247177065998604560e-04 1.047712365197767494e-04
-8.126031782409682484e-05 1.010982090678038542e-04
-8.593249345950257877e-05 1.100647160102231935e-04
-9.046154319595962098e-05 1.165941644219496904e-04
-9.474714776562782415e-05 1.224842347341526221e-04
-9.598691661283375622e-05 1.298968409666980848e-04
-9.990723396789347112e-05 1.286921265745931127e-04
-1.002663752028256554e-04 1.285509537840272157e-04
-7.157661770095713656e-05 1.104563776848647478e-04
-7.378500176743840830e-05 1.179667418045921603e-04
-7.696800523534610473e-05 1.241364200941782266e-04
-8.047470530926271082e-05 1.294481733030508901e-04
-8.657645413086808900e-05 1.346587705031274573e-04
-8.440432612529664947e-05 1.350218114559956933e-04
-8.438921690702322104e-05 1.350724077297442514e-04
-6.098354419554128639e-05 1.202174997547816702e-04
-6.032878045530494531e-05 1.262628142176107110e-04
-6.247036474057823840e-05 1.309247297732792233e-04
-6.492069915920337347e-05 1.351148359999030735e-04
-6.739645114779245353e-05 1.390978122767298731e-04
-6.781695993547423823e-05 1.400464577098177812e-04
-6.776093586129224489e-05 1.402239288199590443e-04
-4.539325726970668836e-05 1.320138042102097630e-04
-4.583526191584420107e-05 1.335040559703061362e-04
-4.699181013001471266e-05 1.367012899795393274e-04
-4.832947204068260833e-05 1.398011898838546509e-04
-4.971914480833012479e-05 1.428482461847430541e-04
-5.030093066892426000e-05 1.438717613934035447e-04
-5.046958364538251950e-05 1.441315045780556950e-04
-3.004200002227557875e-05 1.381412683256343804e-04
-3.028415630742576332e-05 1.390276541014916483e-04
-3.082213048554496702e-05 1.410274334200178426e-04
-3.134199070836678783e-05 1.432884066218011588e-04
-3.177828545252239112e-05 1.456387130677174390e-04
-3.254919795935972294e-05 1.465881977322616757e-04
-3.282668172748678622e-05 1.468482875721467738e-04
-1.402890874482213612e-05 1.414706868984833368e-04
-1.412212201333730968e-05 1.421215375916679219e-04
-1.430595375711817696e-05 1.436067477274123019e-04
-1.431576413274888483e-05 1.453619373795780585e-04
-1.354704226194934770e-05 1.472036659360402729e-04
-1.487657192163057124e-05 1.481264033305743674e-04
-1.517526901026390521e-05 1.483801185182129429e-04
2.276651991787091566e-06 1.423728193749442352e-04
2.286017841777785074e-06 1.429585226241852165e-04
2.307344988301118150e-06 1.442922380934752132e-04
2.332761605967331833e-06 1.458816929284869365e-04
2.358489184279580690e-06 1.474905940135288346e-04
2.373956999159272717e-06 1.484578900349881796e-04
2.377918807394217036e-06 1.487056458668936925e-04
1.854496040243771321e-05 1.409453385885807430e-04
1.865893545401650809e-05 1.415928477679490852e-04
1.889015948372000647e-05 1.430713639230635182e-04
1.895608401979238431e-05 1.448253321296681792e-04
1.824664470436916945e-05 1.466909003312596256e-04
1.960499174232798410e-05 1.475702879022288837e-04
1.991164691789936594e-05 1.478142400252631925e-04
3.444334180359388055e-05 1.371012547740188179e-04
3.471371390321151463e-05 1.379793745401029943e-04
3.531535022822466634e-05 1.399607743271991025e-04
3.590723317109636357e-05 1.422038174393599694e-04
3.641845000621267523e-05 1.445388425072934946e-04
3.721932314795506753e-05 1.454629775601508671e-04
3.750497976065378440e-05 1.457139851247320119e-04
4.959076768589845718e-05 1.304819107543667795e-04
5.008019268527835196e-05 1.319571405044016083e-04
5.133837065849855904e-05 1.351154300359091141e-04
5.277445684136001586e-05 1.381705951908313132e-04
5.426083747634559515e-05 1.411712667718863408e-04
5.487504849875291164e-05 1.421754930548650567e-04
5.505191935602811985e-05 1.424296636634968130e-04
6.479584840997227300e-05 1.181889414945649957e-04
6.433471100791316062e-05 1.242522531064724559e-04
6.662424782021170329e-05 1.288427039562110019e-04
6.920729025001377843e-05 1.329516323525773867e-04
7.180911451321835535e-05 1.368527179553102717e-04
7.225973779286316747e-05 1.377873138520284868e-04
7.220941694665600631e-05 1.379665000830825018e-04
7.507136410244486305e-05 1.080912527731519299e-04
7.751874057296670570e-05 1.155265292231153683e-04
8.089736770929294076e-05 1.215903821490464361e-04
8.457209383060596680e-05 1.267863139890375041e-04
9.083729623802133451e-05 1.317974581582966867e-04
8.867789593763207221e-05 1.322303575938809381e-04
8.866441224085925025e-05 1.322814150114842062e-04
8.445085909725132481e-05 9.842563473117630387e-05
8.940731435464977981e-05 1.072368520166196252e-04
9.414279669483242776e-05 1.136168829229662836e-04
9.861451637089148174e-05 1.193657159301682238e-04
1.000906514576642203e-04 1.267345203185066336e-04
1.039704285477515615e-04 1.254040067339464836e-04
1.043248708259031133e-04 1.252513253353336215e-04
-3.476334305500554176e-17 4.193462714378445016e-17
-3.477444246211122997e-17 4.221329957296962105e-17
-3.516292171081020614e-17 4.262573476816367100e-17
-3.494093356869650987e-17 4.271490994550292371e-17
8.789768827149376589e-06 8.548336862953576199e-06
8.764963085794825825e-06 8.524212470446760939e-06
8.496373976224175868e-06 8.263000801351142764e-06
7.450439770887054317e-06 7.245795673497218523e-06
1.577943794307753672e-05 1.534601804638063176e-05
1.597335657093842953e-05 1.553461023663542777e-05
1.646614250849004268e-05 1.601386063312793917e-05
1.517483372046558382e-05 1.475802072071480155e-05
2.439910836916274220e-05 2.372892866645658755e-05
2.490976771769407873e-05 2.422556153806832571e-05
2.655495840437718225e-05 2.582556313879497221e-05
2.338676271124923289e-05 2.274438949646760824e-05
3.732502877154181601e-05 3.629980783689872671e-05
3.914245048806865458e-05 3.806730973146641318e-05
3.711233826428792459e-05 3.609295938169455664e-05
3.306114299521252769e-05 3.215303985271221032e-05
5.370679904975585655e-05 5.223161372419501497e-05
5.188716945727065734e-05 5.046196459825472944e-05
4.892293320638844338e-05 4.757914816565517321e-05
4.426488611704239469e-05 4.304904544897704101e-05
6.644722608907385004e-05 6.462209454918765807e-05
6.534520021048938730e-05 6.355033843967439720e-05
6.210132682369712753e-05 6.039556577203244119e-05
5.685590003796432728e-05 5.529421714321925443e-05
7.576655129496938465e-05 7.368544226187841552e-05
7.804663531186368207e-05 7.590289833329252563e-05
7.621575388065491153e-05 7.412230642721431102e-05
7.079836146364752887e-05 6.885371561332537845e-05
8.572699654875971732e-05 8.337230013128632024e-05
8.854215986146168112e-05 8.611013826949446030e-05
9.252926593370017206e-05 8.998772896428592477e-05
8.636788799939719452e-05 8.399558796972727941e-05
9.549006688440445025e-05 9.286720445541267336e-05
1.016656996098429412e-04 9.887320869927800646e-05
1.070202517696166450e-04 1.040806853134756385e-04
1.062497608862564182e-04 1.033313577998365700e-04
1.238536677590213039e-04 1.204517313853381734e-04
1.348333558580663773e-04 1.311298361643842714e-04
1.421975317902429931e-04 1.382917374411562572e-04
1.013350112462783274e-04 9.855160348029817600e-05
1.083305715437884672e-04 1.053550140299548476e-04
1.125724878540362405e-04 1.094804159918501269e-04
1.194394967110093251e-04 1.161588060728770339e-04
1.316239437238641479e-04 1.280085781888373416e-04
1.398538383888588837e-04 1.360124191687072835e-04
1.448215116419922840e-04 1.408436434281321243e-04
1.468914903198786524e-04 1.428567652047683532e-04
1.073667126823945868e-04 1.044176298509702619e-04
1.147231446738971493e-04 1.115719998928723093e-04
1.220416044363070826e-04 1.186894407035156337e-04
1.304756128480618900e-04 1.268917889592854236e-04
1.379526485000159451e-04 1.341634499944641319e-04
1.439339838616281056e-04 1.399804937149925251e-04
1.479911946088556822e-04 1.439262634926731055e-04
1.501956366036050303e-04 1.460701552304822658e-04
1.123437710612327849e-04 1.092579814512377185e-04
1.217316538618521581e-04 1.183880036608104164e-04
1.306940078194579371e-04 1.271041851919208886e-04
1.364230989480439229e-04 1.326759131688832148e-04
1.419732075674261555e-04 1.380735748181252860e-04
1.471821440778148520e-04 1.431394354640371435e-04
1.508018895762662688e-04 1.466597560193461591e-04
1.524853397838248027e-04 1.482969662519556357e-04
1.191039787267522459e-04 1.158325038902487385e-04
1.289122532548040248e-04 1.253713707658336059e-04
1.344791504165860718e-04 1.307853598201196249e-04
1.382842972127397364e-04 1.344859891843117972e-04
1.449423068696292446e-04 1.409611207267431313e-04
1.500679900526426366e-04 1.459460147964741468e-04
1.529918551405379430e-04 1.487895689563655021e-04
1.537159686907671550e-04 1.494937930009406564e-04
1.203731706084016544e-04 1.170668343898663975e-04
1.279463214738360880e-04 1.244319706049578853e-04
1.343350005812043492e-04 1.306451694037606660e-04
1.396250128569658097e-04 1.357898788757862317e-04
1.447566009014270407e-04 1.407805156158623613e-04
1.492873846210746632e-04 1.451868505548137300e-04
1.520245096970394101e-04 1.478487939625741643e-04
1.530655950349850967e-04 1.488612834087432203e-04
1.192562483958951186e-04 1.159805911097647982e-04
1.259261271009769873e-04 1.224672656886751265e-04
1.321325614428189139e-04 1.285032255090873688e-04
1.379280665180506143e-04 1.341395432152550019e-04
1.431490406846177242e-04 1.392171108744093364e-04
1.477308816533976377e-04 1.436731006533752066e-04
1.511864397627037224e-04 1.470337436177659692e-04
8.511917665756209631e-06 -8.827376841708798572e-06
8.487896052423786838e-06 -8.802464966199634837e-06
8.227797245328538969e-06 -8.532726667913314038e-06
7.214925801869094816e-06 -7.482317315435837146e-06
1.528063811741361123e-05 -1.584695204312102900e-05
1.546842683252867384e-05 -1.604170037364222764e-05
1.594563543832573782e-05 -1.653659475125376208e-05
1.469514588611091635e-05 -1.523976095333774538e-05
2.362783431968223913e-05 -2.450350269863281106e-05
2.412235134458069462e-05 -2.501634696062331013e-05
2.571553632417476550e-05 -2.666857678070305935e-05
2.264748966456101977e-05 -2.348682560595514800e-05
3.614515671834911382e-05 -3.748472810531298228e-05
3.790512837622182719e-05 -3.930992586506958846e-05
3.593918951697745848e-05 -3.727112757779913751e-05
3.201605555789498138e-05 -3.320259881410113372e-05
5.200908699565171326e-05 -5.393658963022370846e-05
5.024697725442953979e-05 -5.210917454786041016e-05
4.737644272666959678e-05 -4.913225547877165904e-05
4.286563998686745324e-05 -4.445427841103351062e-05
6.434677961508655547e-05 -6.673152801962659324e-05
6.327958959808952324e-05 -6.562478699936749680e-05
6.013825747326381863e-05 -6.236703433542970312e-05
5.505864254823803974e-05 -5.709916440120721003e-05
7.337151398670943515e-05 -7.609072700661972542e-05
7.557952284387831586e-05 -7.838056661943516043e-05
7.380651694296363249e-05 -7.654185155609122358e-05
6.856037234878112883e-05 -7.110128021629818606e-05
8.301710212239140285e-05 -8.609378914574404866e-05
8.574327601895226445e-05 -8.892099745131812414e-05
8.960434668860484445e-05 -9.292516280534149635e-05
8.363773451532344086e-05 -8.673742272253637080e-05
9.247155450859235266e-05 -9.589863187593511591e-05
9.845197086840830130e-05 -1.021006877406019234e-04
1.036372616328493887e-04 -1.074781499540515529e-04
1.028911265421157223e-04 -1.067043624387848630e-04
1.199385607628870149e-04 -1.243835896071307425e-04
1.305711727157848510e-04 -1.354102555366644531e-04
1.377025615433519017e-04 -1.428059399238643524e-04
9.813173581114557420e-05 -1.017685844896801039e-04
1.049061612197320917e-04 -1.087940760787586109e-04
1.090139873853456128e-04 -1.130541419050550678e-04
1.156639249604990292e-04 -1.199505320317992605e-04
1.274632124976010812e-04 -1.321871115716624721e-04
1.354329540418734159e-04 -1.404522187666517425e-04
1.402435954310355510e-04 -1.454411467685458087e-04
1.422481405359778855e-04 -1.475199820830298976e-04
1.039727706572570853e-04 -1.078260932388154525e-04
1.110966603359022590e-04 -1.152140005520186478e-04
1.181837781159936250e-04 -1.225637731676764060e-04
1.263511812189530893e-04 -1.310338674330485307e-04
1.335918621862133360e-04 -1.385428944230304206e-04
1.393841230670754571e-04 -1.445498216007475609e-04
1.433130823505496937e-04 -1.486243915804984466e-04
1.454478402864220596e-04 -1.508382655282709014e-04
1.087925005012862605e-04 -1.128244465217295874e-04
1.178836253108285308e-04 -1.222524964348269160e-04
1.265626725620918333e-04 -1.312531968318943285e-04
1.321106628386412138e-04 -1.370068005212618371e-04
1.374853283768591678e-04 -1.425806559046294720e-04
1.425296065114139716e-04 -1.478118794357615709e-04
1.460349291495522111e-04 -1.514471124224648127e-04
1.476651642379744878e-04 -1.531377654610851635e-04
1.153390129504620475e-04 -1.196135784961115095e-04
1.248372405907659352e-04 -1.294638188299312314e-04
1.302281639730123878e-04 -1.350545345873648657e-04
1.339130272352788008e-04 -1.388759621320751294e-04
1.403605722312528247e-04 -1.455624588321517839e-04
1.453242287383274393e-04 -1.507100728271829222e-04
1.481556682657326205e-04 -1.536464480007227948e-04
1.488568920454947080e-04 -1.543736597522227369e-04
1.165680847282396689e-04 -1.208882007579810115e-04
1.239018426352537735e-04 -1.284937542011943675e-04
1.300885708216526599e-04 -1.349097679906994694e-04
1.352113618560478556e-04 -1.402224141789849864e-04
1.401807365674869648e-04 -1.453759583000771463e-04
1.445682988278131098e-04 -1.499261274874764548e-04
1.472189013346194208e-04 -1.526749636609411875e-04
1.482270771870089162e-04 -1.537205033996024242e-04
1.154864692615682005e-04 -1.197664996681607340e-04
1.219455081162515740e-04 -1.264649161994866537e-04
1.279557524303578920e-04 -1.326979054687383523e-04
1.335680572590667160e-04 -1.385182072642920372e-04
1.386239925304924092e-04 -1.437615199560677388e-04
1.430609980821497538e-04 -1.483629648467825479e-04
1.464073234172139179e-04 -1.518333079501281067e-04
-8.789768827218294577e-06 -8.548336862870453467e-06
-8.764963085863830211e-06 -8.524212470363326500e-06
-8.496373976293403871e-06 -8.263000801266481821e-06
-7.450439770956302648e-06 -7.245795673412379703e-06
-1.577943794314388650e-05 -1.534601804630071929e-05
-1.597335657100495889e-05 -1.553461023655484444e-05
-1.646614250855684647e-05 -1.601386063304599720e-05
-1.517483372053310082e-05 -1.475802072063122311e-05
-2.439910836922447397e-05 -2.372892866638255010e-05
-2.490976771775596973e-05 -2.422556153799287202e-05
-2.655495840444004564e-05 -2.582556313871650985e-05
-2.338676271131365483e-05 -2.274438949638683856e-05
-3.732502877159533494e-05 -3.629980783683417603e-05
-3.914245048812307475e-05 -3.806730973139896903e-05
-3.711233826434464869e-05 -3.609295938162280278e-05
-3.306114299527213171e-05 -3.215303985263658044e-05
-5.370679904979753735e-05 -5.223161372414495193e-05
-5.188716945731617350e-05 -5.046196459819811376e-05
-4.892293320643737478e-05 -4.757914816559290612e-05
-4.426488611709508014e-05 -4.304904544890969851e-05
-6.644722608910488533e-05 -6.462209454915080874e-05
-6.534520021052404111e-05 -6.355033843963132727e-05
-6.210132682373587420e-05 -6.039556577198292703e-05
-5.685590003800741754e-05 -5.529421714316345190e-05
-7.576655129499167856e-05 -7.368544226185224559e-05
-7.804663531188681623e-05 -7.590289833326441769e-05
-7.621575388068163712e-05 -7.412230642718032128e-05
-7.079836146367958060e-05 -6.885371561328396193e-05
-8.572699654877026119e-05 -8.337230013127409586e-05
-8.854215986147305169e-05 -8.611013826948074514e-05
-9.252926593371146131e-05 -8.998772896427189791e-05
-8.636788799941569371e-05 -8.399558796970369801e-05
-9.549006688440461288e-05 -9.286720445541210415e-05
-1.016656996098424262e-04 -9.887320869927872474e-05
-1.070202517696145443e-04 -1.040806853134783897e-04
-1.062497608862574211e-04 -1.033313577998355807e-04
-1.238536677590086729e-04 -1.204517313853559543e-04
-1.348333558580457774e-04 -1.311298361644126775e-04
-1.421975317902174601e-04 -1.382917374411920359e-04
-1.013350112462717409e-04 -9.855160348030541305e-05
-1.083305715437792380e-04 -1.053550140299654728e-04
-1.125724878540269164e-04 -1.094804159918617278e-04
-1.194394967109980630e-04 -1.161588060728917926e-04
-1.316239437238449304e-04 -1.280085781888631456e-04
-1.398538383888346518e-04 -1.360124191687413816e-04
-1.448215116419650705e-04 -1.408436434281709929e-04
-1.468914903198501921e-04 -1.428567652048092277e-04
-1.073667126823812918e-04 -1.044176298509850477e-04
-1.147231446738828379e-04 -1.115719998928896566e-04
-1.220416044362901962e-04 -1.186894407035369653e-04
-1.304756128480412901e-04 -1.268917889593123931e-04
-1.379526484999914692e-04 -1.341634499944974711e-04
-1.439339838616000790e-04 -1.399804937150313938e-04
-1.479911946088258395e-04 -1.439262634927158772e-04
-1.501956366035737511e-04 -1.460701552305271789e-04
-1.123437710612146788e-04 -1.092579814512581828e-04
-1.217316538618308400e-04 -1.183880036608354072e-04
-1.306940078194341660e-04 -1.271041851919512734e-04
-1.364230989480183086e-04 -1.326759131689165270e-04
-1.419732075673976952e-04 -1.380735748181636938e-04
-1.471821440777839522e-04 -1.431394354640799424e-04
-1.508018895762337970e-04 -1.466597560193921563e-04
-1.524853397837910027e-04 -1.482969662520031780e-04
-1.191039787267276888e-04 -1.158325038902770497e-04
-1.289122532547769739e-04 -1.253713707658665115e-04
-1.344791504165570694e-04 -1.307853598201557830e-04
-1.382842972127097312e-04 -1.344859891843500153e-04
-1.449423068695969083e-04 -1.409611207267861199e-04
-1.500679900526080235e-04 -1.459460147965204694e-04
-1.529918551405025167e-04 -1.487895689564140743e-04
-1.537159686907317016e-04 -1.494937930009894997e-04
-1.203731706083738040e-04 -1.170668343898980968e-04
-1.279463214738076277e-04 -1.244319706049920918e-04
-1.343350005811745878e-04 -1.306451694037976644e-04
-1.396250128569348286e-04 -1.357898788758263742e-04
-1.447566009013941622e-04 -1.407805156159055667e-04
-1.492873846210400501e-04 -1.451868505548600525e-04
-1.520245096970040380e-04 -1.478487939626220589e-04
-1.530655950349491283e-04 -1.488612834087920365e-04
-1.192562483958670513e-04 -1.159805911097962943e-04
-1.259261271009483915e-04 -1.224672656887088994e-04
-1.321325614427894236e-04 -1.285032255091240149e-04
-1.379280665180196333e-04 -1.341395432152943856e-04
-1.431490406845852524e-04 -1.392171108744519185e-04
-1.477308816533637022e-04 -1.436731006534204991e-04
-1.511864397626681877e-04 -1.470337436178137012e-04
-8.511917665825058163e-06 8.827376841791607901e-06
-8.487896052492713297e-06 8.802464966282803308e-06
-8.227797245397621282e-06 8.532726667997697154e-06
-7.214925801938366864e-06 7.482317315520664954e-06
-1.528063811747991019e-05 1.584695204320039598e-05
-1.546842683259520658e-05 1.604170037372235357e-05
-1.594563543839244674e-05 1.653659475133509080e-05
-1.469514588617849942e-05 1.523976095342079019e-05
-2.362783431974394040e-05 2.450350269870595743e-05
-2.412235134464268388e-05 2.501634696069763897e-05
-2.571553632423768989e-05 2.666857678078030536e-05
-2.264748966462556368e-05 2.348682560603476910e-05
-3.614515671840293768e-05 3.748472810537608284e-05
-3.790512837627645065e-05 3.930992586513517591e-05
-3.593918951703439942e-05 3.727112757786888559e-05
-3.201605555795463960e-05 3.320259881417501533e-05
-5.200908699569386162e-05 5.393658963027174539e-05
-5.024697725447545575e-05 5.210917454791470836e-05
-4.737644272671898219e-05 4.913225547883139180e-05
-4.286563998692049783e-05 4.445427841109844078e-05
-6.434677961511806510e-05 6.673152801966088113e-05
-6.327958959812484113e-05 6.562478699940769360e-05
-6.013825747330314806e-05 6.236703433547629671e-05
-5.505864254828154335e-05 5.709916440126013942e-05
-7.337151398673244734e-05 7.609072700664334748e-05
-7.557952284390188371e-05 7.838056661946038168e-05
-7.380651694299072399e-05 7.654185155612187939e-05
-6.856037234881360068e-05 7.110128021633624156e-05
-8.301710212240263789e-05 8.609378914575371161e-05
-8.574327601896419068e-05 8.892099745132902037e-05
-8.960434668861639120e-05 9.292516280535228416e-05
-8.363773451534234663e-05 8.673742272255627946e-05
-9.247155450859305739e-05 9.589863187593311014e-05
-9.845197086840811157e-05 1.021006877405979796e-04
-1.036372616328481419e-04 1.074781499540456033e-04
-1.028911265421166981e-04 1.067043624387819357e-04
-1.199385607628747363e-04 1.243835896071092753e-04
-1.305711727157642240e-04 1.354102555366321439e-04
-1.377025615433261790e-04 1.428059399238239659e-04
-9.813173581113951622e-05 1.017685844896703596e-04
-1.049061612197235807e-04 1.087940760787448822e-04
-1.090139873853368578e-04 1.130541419050402956e-04
-1.156639249604881465e-04 1.199505320317806529e-04
-1.274632124975820535e-04 1.321871115716324668e-04
-1.354329540418492382e-04 1.404522187666136870e-04
-1.402435954310080936e-04 1.454411467685027388e-04
-1.422481405359495065e-04 1.475199820829844967e-04
-1.039727706572441562e-04 1.078260932387985525e-04
-1.110966603358881915e-04 1.152140005519983732e-04
-1.181837781159774162e-04 1.225637731676518217e-04
-1.263511812189326521e-04 1.310338674330176309e-04
-1.335918621861886975e-04 1.385428944229932324e-04
-1.393841230670475660e-04 1.445498216007043012e-04
-1.433130823505193632e-04 1.486243915804516091e-04
-1.454478402863901569e-04 1.508382655282218142e-04
-1.087925005012686694e-04 1.128244465217070631e-04
-1.178836253108080936e-04 1.222524964347991604e-04
-1.265626725620677098e-04 1.312531968318610435e-04
-1.321106628386152742e-04 1.370068005212249200e-04
-1.374853283768306261e-04 1.425806559045873507e-04
-1.425296065113827195e-04 1.478118794357149231e-04
-1.460349291495191700e-04 1.514471124224151021e-04
-1.476651642379399288e-04 1.531377654610335825e-04
-1.153390129504374225e-04 1.196135784960811519e-04
-1.248372405907389386e-04 1.294638188298958051e-04
-1.302281639729833582e-04 1.350545345873257260e-04
-1.339130272352488226e-04 1.388759621320339026e-04
-1.403605722312200818e-04 1.455624588321054343e-04
-1.453242287382925009e-04 1.507100728271325882e-04
-1.481556682656961642e-04 1.536464480006707260e-04
-1.488568920454586312e-04 1.543736597521698820e-04
-1.165680847282122927e-04 1.208882007579477943e-04
-1.239018426352255843e-04 1.284937542011579112e-04
-1.300885708216229799e-04 1.349097679906597063e-04
-1.352113618560165493e-04 1.402224141789419165e-04
-1.401807365674537069e-04 1.453759583000305527e-04
-1.445682988277779545e-04 1.499261274874265002e-04
-1.472189013345832356e-04 1.526749636608894982e-04
-1.482270771869722702e-04 1.537205033995500843e-04
-1.154864692615408379e-04 1.197664996681277065e-04
-1.219455081162231544e-04 1.264649161994509834e-04
-1.279557524303282933e-04 1.326979054686992939e-04
-1.335680572590355723e-04 1.385182072642499160e-04
-1.386239925304591785e-04 1.437615199560222565e-04
-1.430609980821150322e-04 1.483629648467334877e-04
-1.464073234171779495e-04 1.518333079500769052e-04
1.532005232705241707e-04 1.492356886215464532e-04
1.511499708224588808e-04 1.476416956873433768e-04
1.459289475075674987e-04 1.439220324943423900e-04
1.353963267427535160e-04 1.382695315481559687e-04
1.199528389761665269e-04 1.348403491269999641e-04
1.024216344785320513e-04 1.343707975307373900e-04
8.270631722488816680e-05 1.367032884266927489e-04
6.388357283542397730e-05 1.403064632883482853e-04
4.532349095959535210e-05 1.436895154727940466e-04
2.608427058056975319e-05 1.461594263077528870e-04
2.358122148726876882e-06 1.474676410604046058e-04
1.283993302614119293e-04 1.333561687808775139e-04
1.133282051361561728e-04 1.305111816274463028e-04
1.534425454540340168e-04 1.489846968824586765e-04
1.517903185389141672e-04 1.469776161197478709e-04
1.479207648287318483e-04 1.418563966665288795e-04
1.419570444670003229e-04 1.314656678386821583e-04
1.380483403657151490e-04 1.160742124962372136e-04
1.370181014445326329e-04 9.849215498587903471e-05
1.387063963868623219e-04 7.862779694050249968e-05
1.416879698531077502e-04 5.961856669593105731e-05
1.444589055967227789e-04 4.088005493460961760e-05
1.462992519786554058e-04 2.148917167287553789e-05
1.468393722901339775e-04 -2.368211639573921167e-06
1.368424630321127082e-04 1.246001260630914364e-04
1.335271219433767668e-04 1.095636751484805601e-04
1.485998872898549705e-04 -1.538560089407736708e-04
1.470126853775552140e-04 -1.517966829734203804e-04
1.433088693778977469e-04 -1.465533209230338930e-04
1.376804502559840233e-04 -1.359756351556051519e-04
1.342658774685533325e-04 -1.204660706895803641e-04
1.337983263423694641e-04 -1.028598569616558111e-04
1.361208799315582725e-04 -8.306018550563528822e-05
1.397087038848826427e-04 -6.415690588718728541e-05
1.430773429681175823e-04 -4.551741261348393248e-05
1.455367310346104067e-04 -2.619587506611052781e-05
1.327880203005491139e-04 -1.289487012378205634e-04
1.299551538847050665e-04 -1.138130926085703513e-04
1.483499648719425557e-04 -1.540990666434177432e-04
1.463514350438874115e-04 -1.524397704896047437e-04
1.412520339518004051e-04 -1.485536604586393836e-04
1.309055736182184707e-04 -1.425644236485610554e-04
1.155796917849923403e-04 -1.386389957171409377e-04
9.807254059015848582e-05 -1.376043488028556503e-04
7.829281233686316988e-05 -1.392998673049889585e-04
5.936456871162017174e-05 -1.422941977686661117e-04
4.070589020494862589e-05 -1.450769892725244992e-04
2.139761955093007849e-05 -1.469252097834472667e-04
-2.358122148699838743e-06 -1.474676410604294069e-04
1.240692816865753315e-04 -1.374279589017338924e-04
1.090968918260193518e-04 -1.340984327532520183e-04
-1.532005232704881481e-04 -1.492356886215953236e-04
-1.511499708224235358e-04 -1.476416956873910003e-04
-1.459289475075337800e-04 -1.439220324943868152e-04
-1.353963267427220742e-04 -1.382695315481950542e-04
-1.199528389761364674e-04 -1.348403491270340623e-04
-1.024216344785034420e-04 -1.343707975307670971e-04
-8.270631722486008596e-05 -1.367032884267194203e-04
-6.388357283539605909e-05 -1.403064632883733304e-04
-4.532349095956756941e-05 -1.436895154728187664e-04
-2.608427058054208232e-05 -1.461594263077769021e-04
-1.283993302613821138e-04 -1.333561687809130757e-04
-1.133282051361280107e-04 -1.305111816274773652e-04
-1.534425454539984008e-04 -1.489846968825075740e-04
-1.517903185388791475e-04 -1.469776161197954402e-04
-1.479207648286988885e-04 -1.418563966665736841e-04
-1.419570444669698297e-04 -1.314656678387216774e-04
-1.380483403656873392e-04 -1.160742124962729516e-04
-1.370181014445063139e-04 -9.849215498591101868e-05
-1.387063963868374124e-04 -7.862779694053296576e-05
-1.416879698530834912e-04 -5.961856669596006649e-05
-1.444589055966981404e-04 -4.088005493463838961e-05
-1.462992519786308757e-04 -2.148917167290371699e-05
-1.468393722901092848e-04 2.368211639545775533e-06
-1.368424630320840582e-04 -1.246001260631277030e-04
-1.335271219433506104e-04 -1.095636751485131946e-04
-1.485998872898182702e-04 1.538560089407207618e-04
-1.470126853775192998e-04 1.517966829733689079e-04
-1.433088693778636488e-04 1.465533209229856460e-04
-1.376804502559523646e-04 1.359756351555627867e-04
-1.342658774685240048e-04 1.204660706895428507e-04
-1.337983263423417899e-04 1.028598569616230682e-04
-1.361208799315314385e-04 8.306018550560509319e-05
-1.397087038848568387e-04 6.415690588715908260e-05
-1.430773429680921578e-04 4.551741261345588552e-05
-1.455367310345849821e-04 2.619587506608290776e-05
-1.327880203005200573e-04 1.289487012377819929e-04
-1.299551538846776904e-04 1.138130926085362124e-04
-1.483499648719060181e-04 1.540990666433646986e-04
-1.463514350438514973e-04 1.524397704895531628e-04
-1.412520339517662528e-04 1.485536604585911908e-04
-1.309055736181872999e-04 1.425644236485188528e-04
-1.155796917849637986e-04 1.386389957171036411e-04
-9.807254059013148918e-05 1.376043488028230429e-04
-7.829281233683735232e-05 1.392998673049591430e-04
-5.936456871159465233e-05 1.422941977686386814e-04
-4.070589020492257793e-05 1.450769892724978279e-04
-2.139761955090360701e-05 1.469252097834219777e-04
-1.240692816865463020e-04 1.374279589016956201e-04
-1.090968918259924364e-04 1.340984327532179744e-04
1.845323376843434407e-07 1.153992322143851456e-05
4.014304930587827137e-07 2.510387678534796904e-05
7.777563263491955162e-06 1.550734227029960230e-05
3.003800497637909030e-07 1.878458136258384504e-05
1.340877402635503202e-05 2.418142178778737619e-05
3.785768055903082689e-07 2.367469747743336042e-05
1.897101667412123271e-05 1.844993245571867595e-05
1.119940924647923320e-05 2.251173476692063511e-05
3.758479653213651443e-07 2.350404659002518356e-05
3.498353317898783143e-05 3.897547560890728433e-05
3.001899864641813657e-05 3.836716384397298956e-05
1.044923750090522657e-05 2.691787361190203705e-05
4.916546374906492778e-05 5.301030887226062914e-05
4.751502968203986119e-05 5.338522404981815882e-05
6.150408807378497233e-05 6.632269448355407207e-05
5.971829506879281093e-05 6.716986406790119370e-05
7.175153122932601576e-05 7.867683313795524873e-05
6.813877324019011576e-05 8.252817884155744189e-05
7.941438048126160491e-05 8.898601468142170552e-05
7.506661570607487234e-05 9.324375247905812342e-05
7.095704065665250188e-05 1.004757983673808751e-04
1.149075871775193848e-05 -1.853218800392589298e-07
2.499692463168191870e-05 -4.031480585679466587e-07
1.568305095839712802e-05 7.308870229009507862e-06
1.870455183367314016e-05 -3.016652595850480735e-07
2.449654051879086939e-05 1.268273289005227063e-05
2.357383417634360381e-05 -3.801965890270512059e-07
2.276388138784644108e-05 1.051867308846413888e-05
2.340391032723654788e-05 -3.774560731081656726e-07
3.991273762865338895e-05 3.386359049492061735e-05
3.914791810580731129e-05 2.889991857797514753e-05
2.712489789214690144e-05 9.624198539110270139e-06
5.433595405121290322e-05 4.764819563929087508e-05
5.465608382174322707e-05 4.597951614549266697e-05
6.798098291298603868e-05 5.960576020917610264e-05
6.876676622852284908e-05 5.778604858649849773e-05
8.060519128863263035e-05 6.949504862817524199e-05
8.432214519320900136e-05 6.574503685068743366e-05
9.111121327801566618e-05 7.685568694494710157e-05
9.520901807363648934e-05 7.235485491473040375e-05
1.022745803587796329e-04 6.799760302271645718e-05
1.544127503819791534e-05 -7.810840442698265787e-06
2.407839964658253963e-05 -1.346614497418817642e-05
1.837132865963992965e-05 -1.905218630274269285e-05
2.241582613349066882e-05 -1.124732717860058870e-05
3.880942511834257450e-05 -3.513321416050417420e-05
3.820370499508385652e-05 -3.014743830854466931e-05
2.680319313528251054e-05 -1.049394573883697795e-05
5.278446460341043963e-05 -4.937582371565657729e-05
5.315778249836522300e-05 -4.771832808084135652e-05
6.604013434079639253e-05 -6.176724023235352092e-05
6.688369465744836088e-05 -5.997380651113010043e-05
7.834163962123988497e-05 -7.205852822603117354e-05
8.217657711344326390e-05 -6.843031264548918974e-05
8.860690009318946065e-05 -7.975416384038110432e-05
9.284649829307444402e-05 -7.538779666458326253e-05
1.000477328892130079e-04 -7.126063833608232165e-05
-1.845323377531597590e-07 -1.153992322135547145e-05
-4.014304931233035427e-07 -2.510387678527142437e-05
7.277731635559867909e-06 -1.575015265588544026e-05
-3.003800498306315434e-07 -1.878458136250365474e-05
1.262869957840721093e-05 -2.460135172267182126e-05
-3.785768056553396999e-07 -2.367469747735608053e-05
1.047385950245143092e-05 -2.286127921475278969e-05
-3.758479653863188600e-07 -2.350404658994815777e-05
3.371931859762067064e-05 -4.008350876582596591e-05
2.877679382881369159e-05 -3.931541687662734006e-05
9.583195758107858702e-06 -2.724095481867783467e-05
4.744519603156635660e-05 -5.456843654212000151e-05
4.578362575309179763e-05 -5.488993602388086361e-05
5.935181678535659584e-05 -6.827184719462171781e-05
5.753985783285992797e-05 -6.906099257245629382e-05
6.919897303876678589e-05 -8.095006966572889024e-05
6.546493775124889475e-05 -8.468292697565572673e-05
7.652825221024422216e-05 -9.150104285187342053e-05
7.204659545254719498e-05 -9.561638056621881137e-05
6.770790712654021896e-05 -1.027121736543081117e-04
-7.777563263559650035e-06 -1.550734227021802964e-05
-1.340877402641863234e-05 -2.418142178771147527e-05
-1.897101667418572241e-05 -1.844993245564181957e-05
-1.119940924654391094e-05 -2.251173476684390070e-05
-3.498353317904063207e-05 -3.897547560884421765e-05
-3.001899864647215017e-05 -3.836716384390880479e-05
-1.044923750096815943e-05 -2.691787361182736263e-05
-4.916546374910711679e-05 -5.301030887221037637e-05
-4.751502968208225349e-05 -5.338522404976812289e-05
-6.150408807381618380e-05 -6.632269448351715499e-05
-5.971829506882360227e-05 -6.716986406786430372e-05
-7.175153122934569403e-05 -7.867683313793153181e-05
-6.813877324020820839e-05 -8.252817884153541904e-05
-7.941438048127106458e-05 -8.898601468140983350e-05
-7.506661570608274636e-05 -9.324375247904744402e-05
-7.095704065665561896e-05 -1.004757983673746410e-04
-1.149075871782079887e-05 1.853218801222364213e-07
-2.499692463174647616e-05 4.031480586444701033e-07
-1.568305095846495842e-05 -7.308870228927902167e-06
-1.870455183374012691e-05 3.016652596653614612e-07
-2.449654051885447140e-05 -1.268273288997624942e-05
-2.357383417640879146e-05 3.801965891042880640e-07
-2.276388138791109341e-05 -1.051867308838724861e-05
-2.340391032730149837e-05 3.774560731852910400e-07
-3.991273762870637255e-05 -3.386359049485758454e-05
-3.914791810586162304e-05 -2.889991857791087467e-05
-2.712489789220994102e-05 -9.624198539035519481e-06
-5.433595405125530230e-05 -4.764819563924085948e-05
-5.465608382178593108e-05 -4.597951614544278689e-05
-6.798098291301761607e-05 -5.960576020913956502e-05
-6.876676622855449424e-05 -5.778604858646214308e-05
-8.060519128865290493e-05 -6.949504862815228401e-05
-8.432214519322786647e-05 -6.574503685066679316e-05
-9.111121327802600676e-05 -7.685568694493620534e-05
-9.520901807364554243e-05 -7.235485491472149974e-05
-1.022745803587846473e-04 -6.799760302271267603e-05
-1.544127503826567797e-05 7.810840442779614832e-06
-2.407839964664617552e-05 1.346614497426353016e-05
-1.837132865970445323e-05 1.905218630281895969e-05
-2.241582613355540247e-05 1.124732717867705714e-05
-3.880942511839573429e-05 3.513321416056575011e-05
-3.820370499513819538e-05 3.014743830860773600e-05
-2.680319313534553996e-05 1.049394573891121700e-05
-5.278446460345351634e-05 4.937582371570479719e-05
-5.315778249840808287e-05 4.771832808088945444e-05
-6.604013434082820031e-05 6.176724023238801210e-05
-6.688369465747980274e-05 5.997380651116432734e-05
-7.834163962126047126e-05 7.205852822605194957e-05
-8.217657711346237296e-05 6.843031264550844788e-05
-8.860690009319984188e-05 7.975416384039008964e-05
-9.284649829308311763e-05 7.538779666459097392e-05
-1.000477328892177920e-04 7.126063833608550649e-05
-7.277731635627573793e-06 1.575015265596671138e-05
-1.262869957847081972e-05 2.460135172274737660e-05
-1.047385950251606123e-05 2.286127921482922256e-05
-3.371931859767379654e-05 4.008350876588773155e-05
-2.877679382886799657e-05 3.931541687669040674e-05
-9.583195758170805109e-06 2.724095481875221772e-05
-4.744519603160922324e-05 5.456843654216823495e-05
-4.578362575313456263e-05 5.488993602392892087e-05
-5.935181678538851204e-05 6.827184719465611412e-05
-5.753985783289191871e-05 6.906099257249054106e-05
-6.919897303878758902e-05 8.095006966574951719e-05
-6.546493775126803092e-05 8.468292697567461895e-05
-7.652825221025482023e-05 9.150104285188225678e-05
-7.204659545255645136e-05 9.561638056622615684e-05
-6.770790712654505721e-05 1.027121736543110120e-04
-3.507412645396472517e-17 4.277064443133996282e-17
1.821837047977887780e-07 1.139304900134027198e-05
1.579523940362602467e-07 9.877718576350481838e-06
1.279389700858298903e-07 8.000797640545970787e-06
7.841855269982140301e-06 1.563459598683255105e-05
7.339653347907213440e-06 1.446891628699552002e-05
2.823173245166171307e-07 1.765500990050115749e-05
2.554654502140070128e-07 1.597579978682147232e-05
1.457676677478833261e-05 2.352234425478944222e-05
3.448495872141971143e-07 2.156553051331963261e-05
1.134451023822234663e-05 -1.829631982625998531e-07
9.835635702644994016e-06 -1.586282111122404488e-07
7.966711170659692939e-06 -1.284863713515282277e-07
1.581176160819322053e-05 7.369317890500239233e-06
1.463552092921643968e-05 6.902657418378705368e-06
1.757979277971095030e-05 -2.835252509361867910e-07
1.590773674583776382e-05 -2.565584878690400609e-07
2.387811369765076541e-05 1.387628121144647546e-05
2.147365307329859123e-05 -3.463250649531597101e-07
1.556798660504010560e-05 -7.875407529769365650e-06
1.440727314827977975e-05 -7.371056880284990059e-06
2.342213003692385616e-05 -1.463913511096693961e-05
-1.821837048667605004e-07 -1.139304900125674775e-05
-1.579523941055427507e-07 -9.877718576266098722e-06
-1.279389701554897740e-07 -8.000797640460974419e-06
7.337921766804151956e-06 -1.587941400867344535e-05
6.873249447464827978e-06 -1.469814065165230442e-05
-2.823173245839905548e-07 -1.765500990042005239e-05
-2.554654502819242850e-07 -1.597579978673946259e-05
1.381716292569602784e-05 -2.398027889281909426e-05
-3.448495872800277209e-07 -2.156553051324095681e-05
-7.841855270049823316e-06 -1.563459598675073445e-05
-7.339653347975241197e-06 -1.446891628691294277e-05
-1.457676677485216670e-05 -2.352234425471315166e-05
-1.134451023829135101e-05 1.829631983460566859e-07
-9.835635702714308416e-06 1.586282111965778783e-07
-7.966711170729364787e-06 1.284863714364787237e-07
-1.581176160826083747e-05 -7.369317890418442956e-06
-1.463552092928452588e-05 -6.902657418296128973e-06
-1.757979277977820133e-05 2.835252510172469970e-07
-1.590773674590564843e-05 2.565584879510477791e-07
-2.387811369771464186e-05 -1.387628121137005276e-05
-2.147365307336447684e-05 3.463250650320797285e-07
-1.556798660510779031e-05 7.875407529850950169e-06
-1.440727314834786596e-05 7.371056880367198842e-06
-2.342213003698769873e-05 1.463913511104274906e-05
-7.337921766871714692e-06 1.587941400875488588e-05
-6.873249447532944673e-06 1.469814065173466821e-05
-1.381716292575978232e-05 2.398027889289504940e-05
