6.022800114495279849e-05 -1.348764862926800346e-04
7.040117589676151575e-06 -1.490860654411893212e-04
-4.721956004980379742e-05 -1.405986425948260623e-04
-9.429048771807887498e-05 -1.107063509432696096e-04
-1.270065433766761026e-04 -6.396002091617065521e-05
-1.403870041233570474e-04 -7.476357503618128865e-06
-1.323948161036183116e-04 5.014551356551078497e-05
-1.042467174941001890e-04 1.001331847645031746e-04
-6.022800114495269007e-05 1.348764862926802243e-04
-7.040117589676173598e-06 1.490860654411895110e-04
4.721956004980389906e-05 1.405986425948262792e-04
9.429048771807880722e-05 1.107063509432696638e-04
1.270065433766761297e-04 6.396002091617061455e-05
1.403870041233569932e-04 7.476357503618011128e-06
1.323948161036182845e-04 -5.014551356551088661e-05
1.042467174941001347e-04 -1.001331847645031746e-04
6.067081752695565103e-05 -1.358681432718592008e-04
7.091878885762234976e-06 -1.501821959926057776e-04
-4.756673402774637969e-05 -1.416323707784749144e-04
-9.498374287904831072e-05 -1.115203010139595295e-04
-1.279403379067884316e-04 -6.443027635411498471e-05
-1.414191762702713242e-04 -7.531326181265943992e-06
-1.333682270146304566e-04 5.051420013103901063e-05
-1.050131741820006971e-04 1.008693973857577628e-04
-6.067081752695565781e-05 1.358681432718592279e-04
-7.091878885762180766e-06 1.501821959926059131e-04
4.756673402774650166e-05 1.416323707784750499e-04
9.498374287904824296e-05 1.115203010139595972e-04
1.279403379067884858e-04 6.443027635411497115e-05
1.414191762702712970e-04 7.531326181265908416e-06
1.333682270146304837e-04 -5.051420013103904451e-05
1.050131741820005751e-04 -1.008693973857577628e-04
6.088614480472947919e-05 -1.363503539724798342e-04
7.117048729140251559e-06 -1.507152088108161818e-04
-4.773555349925318151e-05 -1.421350393444757775e-04
-9.532085043125540773e-05 -1.119160985952791075e-04
-1.283944119707598514e-04 -6.465894635691132300e-05
-1.419210881859589814e-04 -7.558055670512097511e-06
-1.338415652427137677e-04 5.069348047777737411e-05
-1.053858772680757639e-04 1.012273937608701809e-04
-6.088614480472945886e-05 1.363503539724799697e-04
-7.117048729140239700e-06 1.507152088108163444e-04
4.773555349925323572e-05 1.421350393444759130e-04
9.532085043125543484e-05 1.119160985952791481e-04
1.283944119707597972e-04 6.465894635691128234e-05
1.419210881859588188e-04 7.558055670511990785e-06
1.338415652427137677e-04 -5.069348047777746897e-05
1.053858772680757504e-04 -1.012273937608701809e-04
6.088614480472947919e-05 -1.363503539724798613e-04
7.117048729140239700e-06 -1.507152088108162089e-04
-4.773555349925322894e-05 -1.421350393444759130e-04
-9.532085043125540773e-05 -1.119160985952792023e-04
-1.283944119707597972e-04 -6.465894635691135010e-05
-1.419210881859590356e-04 -7.558055670512050077e-06
-1.338415652427138761e-04 5.069348047777744865e-05
-1.053858772680756962e-04 1.012273937608702080e-04
-6.088614480472941142e-05 1.363503539724799155e-04
-7.117048729140217677e-06 1.507152088108162902e-04
4.773555349925331026e-05 1.421350393444758859e-04
9.532085043125540773e-05 1.119160985952792159e-04
1.283944119707598514e-04 6.465894635691129589e-05
1.419210881859589272e-04 7.558055670512002643e-06
1.338415652427137406e-04 -5.069348047777746897e-05
1.053858772680756962e-04 -1.012273937608702351e-04
6.067081752695561037e-05 -1.358681432718592008e-04
7.091878885762180766e-06 -1.501821959926057505e-04
-4.756673402774650166e-05 -1.416323707784749686e-04
-9.498374287904845980e-05 -1.115203010139596650e-04
-1.279403379067886213e-04 -6.443027635411501181e-05
-1.414191762702713242e-04 -7.531326181265896558e-06
-1.333682270146305379e-04 5.051420013103904451e-05
-1.050131741820007107e-04 1.008693973857577764e-04
-6.067081752695565103e-05 1.358681432718592008e-04
-7.091878885762101992e-06 1.501821959926058318e-04
4.756673402774654232e-05 1.416323707784749957e-04
9.498374287904854112e-05 1.115203010139595972e-04
1.279403379067885671e-04 6.443027635411497115e-05
1.414191762702712699e-04 7.531326181265896558e-06
1.333682270146303481e-04 -5.051420013103904451e-05
1.050131741820004938e-04 -1.008693973857577628e-04
6.022800114495268330e-05 -1.348764862926800888e-04
7.040117589676128705e-06 -1.490860654411894567e-04
-4.721956004980387196e-05 -1.405986425948262792e-04
-9.429048771807898340e-05 -1.107063509432697722e-04
-1.270065433766762381e-04 -6.396002091617066876e-05
-1.403870041233572100e-04 -7.476357503618046703e-06
-1.323948161036185556e-04 5.014551356551091372e-05
-1.042467174941004058e-04 1.001331847645032288e-04
-6.022800114495275106e-05 1.348764862926801972e-04
-7.040117589676062637e-06 1.490860654411894839e-04
4.721956004980397360e-05 1.405986425948262521e-04
9.429048771807910538e-05 1.107063509432697044e-04
1.270065433766762110e-04 6.396002091617064165e-05
1.403870041233571016e-04 7.476357503618011128e-06
1.323948161036182303e-04 -5.014551356551092049e-05
1.042467174941002974e-04 -1.001331847645031746e-04
