5.575931044260411085e+00 -1.056262576159497613e+01
9.445644462961945154e-01 -1.031176586018460917e+01
-3.453285027584691580e+00 -8.870043024599574721e+00
-7.068879162767074398e+00 -6.923526540912357419e+00
-2.333040691964788849e+01 3.466333436111989741e+00
-2.134948856391184435e+01 7.087990638648966168e+00
-1.800099863539274025e+01 1.081782384679621600e+01
-1.323046146402916712e+01 1.123646710166415197e+01
-7.964530407892526753e+00 1.189437835245940711e+01
-3.063923415492882718e+00 1.111707901010107058e+01
1.530695242109223031e+00 9.230570853816459476e+00
5.593522614089640577e+00 6.538503977672133871e+00
8.979681942936805328e+00 3.097364295826851688e+00
1.121416463439145517e+01 -1.016577837164717613e+00
1.145539165638984258e+01 -5.360089107679732123e+00
9.547511782358624188e+00 -8.736794833558747086e+00
5.915900995837683141e+00 -1.422565113134189652e+01
3.511775690657574778e-01 -1.394032113646961513e+01
-4.921266395098494506e+00 -1.220324454416974902e+01
-9.601318986634712616e+00 -9.860307536295611186e+00
-2.162952266868447992e+01 -2.774304252953584959e-01
-1.949406482272314634e+01 3.891520224236333814e+00
-1.628785941093032719e+01 7.814900111706363006e+00
-1.195941754290151238e+01 1.443728484207237095e+01
-6.669496742055733840e+00 1.539914128371691149e+01
-1.260187399991246071e+00 1.438256353244105057e+01
3.760693942090814534e+00 1.220876513100865068e+01
8.255944453008400075e+00 9.116647557064446517e+00
1.205640713844929124e+01 5.136018503803021495e+00
1.466712767269471307e+01 2.480016737440441099e-01
1.493823220396739870e+01 -5.302647047559035265e+00
1.092847318184472627e+01 -1.193654012672886466e+01
4.798340918273292566e+00 -1.968353847317260019e+01
-1.282745387826868866e+00 -1.899205681374534649e+01
-6.977883643430375926e+00 -1.706141733422893125e+01
-1.210906328276401389e+01 -1.431041080462359538e+01
-1.687115807456576633e+01 -9.694834856043383908e+00
-1.952898724147534537e+01 -4.221081533186396229e+00
-1.498195576748756785e+01 2.675539628655964286e+00
-9.290856195853100630e+00 1.967049915749353772e+01
-4.034428300930179567e+00 2.046773210679266697e+01
1.705392932219825797e+00 1.906606580233938075e+01
7.052237027150424886e+00 1.656620786486325869e+01
1.184622942615687080e+01 1.317975379145902082e+01
1.595570729241430108e+01 8.832416447240419188e+00
1.900969080852477333e+01 3.601050796434000389e+00
1.981436710491872688e+01 -1.972791814885819672e+00
1.012593784172970324e+01 -1.783214561593176484e+01
2.126667991397151791e+00 -2.482449673919524002e+01
-3.668315152194737916e+00 -2.378589594998656054e+01
-9.178906152620498915e+00 -2.186862442579051447e+01
-1.415198969749611102e+01 -1.899458525857496483e+01
-1.834747946110717010e+01 -1.493268920012114798e+01
-2.153491746869954682e+01 -1.042482445819097414e+01
-1.573449485786222546e+01 -2.576728619821856636e+00
-5.273357540793052856e+00 2.540973644691418798e+01
-3.104239298397395430e-01 2.521023765960411467e+01
5.221245670368060310e+00 2.341477864118446917e+01
1.055025219897505373e+01 2.072793397117474257e+01
1.531512919946023565e+01 1.727622342233889086e+01
1.925611885491225550e+01 1.312237921944001684e+01
2.259630957771194204e+01 8.114613297395225189e+00
2.430535689013627731e+01 3.251806817622706625e+00
7.072552459368855793e+00 -2.469118924088117950e+01
-9.770724251809711491e-01 -2.971122713839140062e+01
-6.290662028913318160e+00 -2.864384910566763409e+01
-1.158035801475311644e+01 -2.667403994685166779e+01
-1.647048762246442877e+01 -2.382389105921897254e+01
-2.061822867506009160e+01 -2.029340214132803766e+01
-2.400408547838329554e+01 -1.656724975867179239e+01
-2.678177227160882978e+01 -1.304010386779488506e+01
-4.732404641209275731e-01 3.067756133144493447e+01
3.906070040297136448e+00 2.948918546697958121e+01
8.888335802555339171e+00 2.764423917519484419e+01
1.388174832201354114e+01 2.501593760467388705e+01
1.859291940541078603e+01 2.152945682951300554e+01
2.256151357169588678e+01 1.747533584920563143e+01
2.572828560061839553e+01 1.308121257147426419e+01
2.803993065872642987e+01 9.067955756798554035e+00
3.618972368914121773e+00 -3.015528737442478757e+01
-2.853331744027745476e+00 -3.299545644513840870e+01
-7.986015436541173074e+00 -3.193734100620845950e+01
-1.321966427713603842e+01 -2.997274624328739989e+01
-1.808531903698422738e+01 -2.714130262418137463e+01
-2.244928899976724779e+01 -2.353719150169701990e+01
-2.597165845264095552e+01 -1.976146272581107510e+01
-2.852502294122468740e+01 -1.670178185579498731e+01
2.503493100429924567e+00 3.366680204695078515e+01
6.339577513712452372e+00 3.240204022900947933e+01
1.123334288548023352e+01 3.053418817774169725e+01
1.622053601264616773e+01 2.787785112732601078e+01
2.081656577996433910e+01 2.447074741443154622e+01
2.475830716286206368e+01 2.046363833413934330e+01
2.794539821263353119e+01 1.614194654812780882e+01
3.015823845954496107e+01 1.268448660355325330e+01
1.188085978477819049e+00 -3.357970566400469181e+01
