1.039585875360022094e+01 3.619652337058463587e+01
1.258420679654076579e+01 3.847564726789472900e+01
1.398774572840955521e+01 4.105936246407959089e+01
1.500706541338183797e+01 4.381017052900472208e+01
1.597998857130718875e+01 4.698389534645247068e+01
1.562054899764040172e+01 4.969067158216606828e+01
1.563635501083205170e+01 5.102705407546789473e+01
1.298986949457184359e+01 3.574660982427067779e+01
1.472590916324295307e+01 3.782753237505407640e+01
1.606462233913049076e+01 4.040045443255238666e+01
1.699667356966261522e+01 4.283435700515776290e+01
1.831945299592052478e+01 4.663219095939816583e+01
1.782567286128364969e+01 4.905595947532758316e+01
1.780742190984293671e+01 5.041195387510635584e+01
1.561544953397892677e+01 3.565782055324160638e+01
1.753151001925502328e+01 3.693947015050045479e+01
1.874010042295217460e+01 3.938857274930037278e+01
1.986142021285935400e+01 4.159114428994792689e+01
2.208905502292162026e+01 4.499356012484548728e+01
2.002517745323400078e+01 4.867791343733799891e+01
1.948118435568684603e+01 5.007784406620741180e+01
2.029010852008044097e+01 3.458584678628752584e+01
2.055629786292330863e+01 3.602860522961322687e+01
2.145850300856104909e+01 3.833495305122466590e+01
2.267493579139607718e+01 4.042294029722370396e+01
2.509506251983035696e+01 4.368256356756766223e+01
2.945281572281864158e+01 4.556727295922553367e+01
3.094347974550327152e+01 4.600995928697295057e+01
2.218198654662042202e+01 3.366100773786888567e+01
2.285443738843820682e+01 3.487070896376147289e+01
2.407921922151636451e+01 3.702031083124378341e+01
2.538656994141548040e+01 3.900036433598231156e+01
2.802860251347437170e+01 4.236967805835234913e+01
3.128377881141378936e+01 4.426673110770705932e+01
3.241076366503089901e+01 4.497336658159908040e+01
2.435693709139843222e+01 3.231782333260000684e+01
2.516224796791659202e+01 3.346188693580685936e+01
2.660562295110238651e+01 3.545456863979944018e+01
2.812804148114962643e+01 3.728749666569625276e+01
3.056062666436028152e+01 4.037209214312272820e+01
3.331697353542753604e+01 4.262011353828585669e+01
3.434572757543978128e+01 4.346635087660842345e+01
2.639118954985278975e+01 3.078783066649896227e+01
2.732009761460734509e+01 3.183876060061223257e+01
2.898699516097358497e+01 3.371277239201180009e+01
3.062675240494654361e+01 3.548690693334923196e+01
3.308600355506649038e+01 3.842291031527185652e+01
3.538139467936599658e+01 4.076549857526842402e+01
3.627539645055268380e+01 4.178990380334616361e+01
2.826735385374877296e+01 2.906152280365734697e+01
2.931031838604168982e+01 3.000579416725120296e+01
3.111223561275329175e+01 3.174412744391856123e+01
3.271724937770393637e+01 3.355934882791821394e+01
3.534636246866356402e+01 3.632081555406212914e+01
3.740954696284672565e+01 3.899824916930529639e+01
3.819370813096488604e+01 4.008577780908073152e+01
2.999345802698859131e+01 2.715290892152334123e+01
3.111052502323552460e+01 2.796064320819118976e+01
3.302544996582325609e+01 2.951677594048384279e+01
3.469934063580183903e+01 3.115922283090786138e+01
3.788030484731916658e+01 3.409093318358207370e+01
3.953333287201690638e+01 3.723099316173229312e+01
3.963060364374151590e+01 3.872202460906061816e+01
3.122987465080991853e+01 2.552359650543896308e+01
3.266815661869816267e+01 2.591301953439731420e+01
3.482017202509585019e+01 2.710820891093520757e+01
3.660912596694205945e+01 2.867023043728192278e+01
3.993605185177010952e+01 3.184924565212157077e+01
4.281092573021237513e+01 3.401031723200449619e+01
4.425752266599823059e+01 3.432911956337385107e+01
3.348959024083045932e+01 2.047216497680382830e+01
3.437398180608139597e+01 2.277658929787435582e+01
3.649442220708516516e+01 2.457394398731247165e+01
3.839271743263607561e+01 2.613188060158584136e+01
4.202072068300393681e+01 2.965095588416530248e+01
4.468695043600347816e+01 3.212052121877734123e+01
4.567036006246915747e+01 3.299002547398108476e+01
3.394637430360830876e+01 1.797620594411835526e+01
3.581548494577105402e+01 2.008801914787126819e+01
3.829297463560951087e+01 2.198099068959281865e+01
4.047463706661073957e+01 2.357276847741841053e+01
4.429429753875753306e+01 2.684273028248641779e+01
4.654443744984263986e+01 3.019747442921569913e+01
4.745354140900609963e+01 3.121334493978319102e+01
3.506881472713887149e+01 1.461024164587124474e+01
3.752976975905218637e+01 1.728721861875227361e+01
3.983604652012564173e+01 1.941993104007946158e+01
4.200753741346914438e+01 2.136206983581041285e+01
4.502407128620293264e+01 2.433207278353659220e+01
4.841608567048134404e+01 2.877852725384225252e+01
4.926461676610788487e+01 2.984130668630045591e+01
3.766165486137995799e+01 -1.400488300228176897e+01
3.942411489257818857e+01 -1.674986012985571904e+01
4.154446385667733921e+01 -1.874552439198613385e+01
4.376524806720733807e+01 -2.047579862506936266e+01
4.616161810891631490e+01 -2.272697814861210830e+01
4.856092899949610597e+01 -2.542749096606322112e+01
4.948929669836365264e+01 -2.670125081786752119e+01
3.675518728674700242e+01 -1.633581235763469763e+01
3.839863066284289772e+01 -1.850452625102149895e+01
4.058290533851538839e+01 -2.040158580203705441e+01
4.266093603253502664e+01 -2.192866239609217160e+01
4.529075778212747849e+01 -2.464888459844572566e+01
4.777471305551350156e+01 -2.706982044385765107e+01
4.873620709729120648e+01 -2.806404363540086067e+01
3.609065239026326566e+01 -1.875235611446331419e+01
3.696616270335874077e+01 -2.086983552252207019e+01
3.904991600685613662e+01 -2.248254816136929790e+01
4.094381669804822366e+01 -2.384715379849053107e+01
4.440529326407624922e+01 -2.733735494482914063e+01
4.678090844298297668e+01 -2.924699021946150879e+01
4.773041075543559231e+01 -3.019311123799057484e+01
3.414699888760293334e+01 -2.312708827879484375e+01
3.554216789312945934e+01 -2.355944427756631043e+01
3.759627310478882123e+01 -2.475463781992145940e+01
3.929840217631151233e+01 -2.624407386682530685e+01
4.274842646302408866e+01 -2.939707154868687411e+01
4.552473458024792308e+01 -3.145078594695670304e+01
4.641110913007729266e+01 -3.247471280862464482e+01
3.299221659827252751e+01 -2.489997257364189664e+01
3.410224739196682009e+01 -2.571504214988995329e+01
3.606000474950405987e+01 -2.716160132647480907e+01
3.774072743843095878e+01 -2.871879754062830159e+01
4.106561161806408933e+01 -3.162812121766082996e+01
4.390989413025446453e+01 -3.380679029476272035e+01
4.493986196439175274e+01 -3.466280923276163861e+01
3.148383495632199924e+01 -2.703082179597739554e+01
3.254621060855062353e+01 -2.794537155009230034e+01
3.443542627075941454e+01 -2.953019856460308290e+01
3.614748039450851280e+01 -3.114379206215577867e+01
3.932455909002605665e+01 -3.393063599919087636e+01
4.204408673809561492e+01 -3.613692704864434546e+01
4.335466786125652305e+01 -3.657229459213655787e+01
2.988957522867752914e+01 -2.903923307692921085e+01
3.086610499806498709e+01 -3.004672868062797164e+01
3.270162935228710666e+01 -3.178009862679617115e+01
3.443514076124230172e+01 -3.346693454548805846e+01
3.773860813049457619e+01 -3.632595518289583225e+01
4.019007493815140464e+01 -3.808304528903138930e+01
4.137421470976776305e+01 -3.879321619071375693e+01
2.813544831711224603e+01 -3.094359701468102131e+01
2.903610243979793282e+01 -3.202739219301499674e+01
3.075525546521154752e+01 -3.386425444797352924e+01
3.256312641568010235e+01 -3.548129703962826653e+01
3.569259240810312406e+01 -3.796186020332080346e+01
3.846827109357783314e+01 -3.995460108172939329e+01
3.958769470156062198e+01 -4.073414379800488661e+01
2.620834254541965080e+01 -3.270919173545204472e+01
2.703282170098822945e+01 -3.382327048598547492e+01
2.858919879234871431e+01 -3.576627730590274012e+01
3.023714909004022289e+01 -3.744108307579944750e+01
3.347231583174715297e+01 -4.039081643582456849e+01
3.677081701225183252e+01 -4.191996857809896682e+01
3.795073846612479684e+01 -4.250953303657836813e+01
2.454339286585424063e+01 -3.396981866950199702e+01
2.499413893745142090e+01 -3.538255767615795833e+01
2.627854477236354924e+01 -3.753227835409544610e+01
2.786021803414941544e+01 -3.938294398275812114e+01
3.096868177804735467e+01 -4.212090298964265855e+01
3.514344519879011131e+01 -4.356604532898889914e+01
3.666862106907753116e+01 -4.377846678971175720e+01
1.986893067986803274e+01 -3.595179209821571931e+01
2.205775289536320116e+01 -3.691594017804295902e+01
2.379221641418255828e+01 -3.916805560245423123e+01
2.542016548907536233e+01 -4.109319555086835152e+01
2.843455003763653011e+01 -4.398322008195369648e+01
2.812474054364595233e+01 -4.797694347399114179e+01
2.813083127732063460e+01 -4.945314426334917357e+01
1.735837576687604411e+01 -3.632565472165833143e+01
1.936245839116471856e+01 -3.832284968100024258e+01
2.118857662401256547e+01 -4.085483958970669249e+01
2.283886882590952538e+01 -4.296373591609851417e+01
2.574565149785247442e+01 -4.652155710880028749e+01
2.611653987022474865e+01 -4.894894395339162685e+01
2.659611202558180310e+01 -5.022673547387724824e+01
1.386788163829403686e+01 -3.720338335971238308e+01
1.663667339977475379e+01 -3.981260208798423150e+01
1.873795142094604316e+01 -4.213411793212760870e+01
2.062563788963984379e+01 -4.431308813365685495e+01
2.350901590566169475e+01 -4.759660020948066972e+01
2.415888517724046380e+01 -5.012112228297367267e+01
2.471216090231292739e+01 -5.135706260856668592e+01
-1.390137318760904783e+01 -3.841338944179710069e+01
-1.671785503568663245e+01 -4.014021082021785958e+01
-1.878351745801402828e+01 -4.229145003643073863e+01
-2.066476627133467758e+01 -4.453836522914433971e+01
-2.309552618817802738e+01 -4.690730919612999372e+01
-2.593134298093436385e+01 -4.908122533231686191e+01
-2.725191220285701732e+01 -4.994489033750724616e+01
-1.623363837967033518e+01 -3.747042129392089294e+01
-1.848008437746787536e+01 -3.912160350612051474e+01
-2.041499416083777874e+01 -4.128999106203789182e+01
-2.206082018535073885e+01 -4.333479755802935784e+01
-2.497108483371876986e+01 -4.593304525853957188e+01
-2.754686697553419350e+01 -4.822176416063960858e+01
-2.858933575309559316e+01 -4.912822354165354710e+01
-1.877662789249983533e+01 -3.677621270234264728e+01
-2.079101582018066807e+01 -3.765548831812626673e+01
-2.239289907852837658e+01 -3.972231443214805324e+01
-2.389533481702655848e+01 -4.152441429312192156e+01
-2.761506655301775837e+01 -4.486264999848106072e+01
-2.968565812566726336e+01 -4.710154053400933805e+01
-3.069282478976441908e+01 -4.798497492363482309e+01
-2.269168889725963112e+01 -3.491857669364777905e+01
-2.325904731275059234e+01 -3.624935022779868632e+01
-2.463681169843861340e+01 -3.820208787266108175e+01
-2.628544473633177248e+01 -3.984089263350431764e+01
-2.953616177498513551e+01 -4.305819273247470136e+01
-3.182602072839237906e+01 -4.568665251368194902e+01
-3.284360547953399845e+01 -4.657050857529309695e+01
-2.446811238038761616e+01 -3.365773855673003112e+01
-2.534762383645937334e+01 -3.471724133669007273e+01
-2.695003500867707658e+01 -3.659060327552346337e+01
-2.862430278669850736e+01 -3.818987376653833365e+01
-3.170399053950217194e+01 -4.127119861259372158e+01
-3.410938551249540041e+01 -4.389094949234182508e+01
-3.490616018502975493e+01 -4.497017893435958769e+01
-2.646459010546650248e+01 -3.204542917409900582e+01
-2.744228533477937759e+01 -3.305032540571006194e+01
-2.917343458615950524e+01 -3.486077253234491735e+01
-3.093401480368986256e+01 -3.649969048803627203e+01
-3.402469819224517522e+01 -3.925123778311120759e+01
-3.626078943937958599e+01 -4.188842646257068481e+01
-3.681676112890890096e+01 -4.317599689200984869e+01
-2.833616980778138483e+01 -3.031478714580903500e+01
-2.938948508587288089e+01 -3.124310509796463009e+01
-3.122964314704352873e+01 -3.297629263361520202e+01
-3.294194443408864714e+01 -3.466930395274403764e+01
-3.616328855336222148e+01 -3.806158469165614378e+01
-3.809571371046176580e+01 -4.012578938793915029e+01
-3.902205120112184034e+01 -4.115944544446452369e+01
-3.009947822028135533e+01 -2.841281484480180808e+01
-3.121091729055790154e+01 -2.927521088655385739e+01
-3.312622453988423388e+01 -3.087861937271298984e+01
-3.480771366509086562e+01 -3.251404499134820725e+01
-3.782467087992498733e+01 -3.572401100302982968e+01
-4.007913861692703961e+01 -3.840185385484794267e+01
-4.115131234751265765e+01 -3.924023003628983020e+01
-3.171437036130190634e+01 -2.637789105500920783e+01
-3.285332571594386764e+01 -2.716717145202763817e+01
-3.485505298352802583e+01 -2.865475790151005597e+01
-3.657890806063516465e+01 -3.022894076587945733e+01
-3.981569739640207928e+01 -3.347716931417368613e+01
-4.217296339140811767e+01 -3.641894803314760054e+01
-4.298209520617983515e+01 -3.749479667741533717e+01
-3.287501674383149464e+01 -2.462338929243983898e+01
-3.428561527897841898e+01 -2.505589431557606872e+01
-3.642408288964919194e+01 -2.630757293736436964e+01
-3.820852235754863813e+01 -2.784422925531905690e+01
-4.173404292375536073e+01 -3.125292767697168728e+01
-4.406410314820641361e+01 -3.450841831357254108e+01
-4.473696208408723862e+01 -3.567520953375274217e+01
-3.471230718794711123e+01 -1.996604262756747517e+01
-3.563637369415002354e+01 -2.217708525849614887e+01
-3.777736625042847862e+01 -2.384102227691564124e+01
-3.957632449353003778e+01 -2.536883341572651673e+01
-4.375657111648353492e+01 -2.904269275577949116e+01
-4.581170816198763873e+01 -3.270654883602049523e+01
-4.640838354320564463e+01 -3.391642931261223737e+01
-3.520223130490930430e+01 -1.719859590504679403e+01
-3.692982543699770304e+01 -1.958924263703583790e+01
-3.897891865128656974e+01 -2.148497503307344303e+01
-4.069971990133441864e+01 -2.300606319284856838e+01
-4.639188503123497043e+01 -2.701223736664973885e+01
-4.754101894759207880e+01 -3.103745576012576635e+01
-4.795698910108776403e+01 -3.236811764694319038e+01
-3.584392779135259133e+01 -1.355220808309987923e+01
-3.786973334832246252e+01 -1.749789306978064118e+01
-3.977627792135247375e+01 -1.964307040121503789e+01
-4.155515897402374037e+01 -2.109079238773627196e+01
-4.836038140486880366e+01 -2.772307888570238177e+01
-4.891082552125929794e+01 -2.996872059435665747e+01
-4.919557562154560060e+01 -3.148987486624709220e+01
-3.759340518373852547e+01 8.457364091123597660e+00
-4.014303205031547606e+01 1.062004500692834696e+01
-4.276766642970230237e+01 1.193296578487302284e+01
-4.543037139335390862e+01 1.302185725515309045e+01
-4.840171822754802378e+01 1.459977077669056911e+01
-5.256198636947186742e+01 1.707408255973446387e+01
-5.374249360742003745e+01 1.776155545255866741e+01
-3.711079601272748363e+01 1.107989994015070323e+01
-3.918572229262665729e+01 1.268247950275694791e+01
-4.177967213552375370e+01 1.393092279917637377e+01
-4.426390403197506629e+01 1.489884026097960579e+01
-4.792049980674829612e+01 1.693092809072516047e+01
-5.106359311473114815e+01 1.888632523020396548e+01
-5.229257817484307935e+01 1.951846089969118836e+01
-3.684841010359163249e+01 1.344047923970116010e+01
-3.807060464303639691e+01 1.531791467030291010e+01
-4.043584237733102782e+01 1.653778469292990749e+01
-4.258871611091390008e+01 1.760414033670485168e+01
-4.656962980756991044e+01 2.012110219184188509e+01
-4.980973921456718045e+01 2.123207573308998519e+01
-5.105870579430067124e+01 2.164028740419349361e+01
-3.545835226854233468e+01 1.811979945309586881e+01
-3.693006810936305584e+01 1.829452883032818633e+01
-3.922013149414591737e+01 1.915270950166527442e+01
-4.125545770771850584e+01 2.036281287258797690e+01
-4.491269630943240543e+01 2.257133782096067520e+01
-4.857983083395352963e+01 2.338953481079884966e+01
-5.008891824522375202e+01 2.326380420538060179e+01
-3.442794517224766082e+01 1.998464350016524804e+01
-3.567766539196458808e+01 2.058215005016339560e+01
-3.786441956573931122e+01 2.177150238985338504e+01
-3.985217634443009871e+01 2.305635797048174496e+01
-4.324491250689051469e+01 2.513834023471497758e+01
-4.529110480246635007e+01 2.843842271150166923e+01
-4.572311670986645993e+01 2.987268014858220866e+01
-3.300335472993220520e+01 2.215954676957523617e+01
-3.421404769296540138e+01 2.288119485811270692e+01
-3.633764314179366295e+01 2.426573707546734937e+01
-3.832538683487531728e+01 2.567554137216528432e+01
-4.138948023607863291e+01 2.801562949762248067e+01
-4.369525787730841415e+01 3.038212636200210071e+01
-4.461072881153339154e+01 3.136826226203939427e+01
-3.140497182316833857e+01 2.422890927515505410e+01
-3.255319223496712766e+01 2.504183532936294299e+01
-3.457264048830663228e+01 2.653279962918257340e+01
-3.660983811141458943e+01 2.788335502893360740e+01
-3.979061637464013756e+01 3.031689614247202158e+01
-4.215350982173202965e+01 3.238008534866405341e+01
-4.309051308481820541e+01 3.339168460204469824e+01
-2.963471383737708109e+01 2.617404327083634286e+01
-3.070820620515653232e+01 2.707317725911454431e+01
-3.258023519222444264e+01 2.867254308446843680e+01
-3.449771596571138588e+01 3.006375601349037296e+01
-3.767732192461478036e+01 3.252269596223672465e+01
-4.052985393177831241e+01 3.460569368962605097e+01
-4.143121559824631106e+01 3.562056631550391472e+01
-2.776973453693106819e+01 2.798651265295781698e+01
-2.871032966641992701e+01 2.898639168055604287e+01
-3.042667345885858765e+01 3.073551790658744309e+01
-3.226311167521640044e+01 3.219995355693002637e+01
-3.560578268370847610e+01 3.478846045763265948e+01
-3.874195510567881229e+01 3.683006816755196411e+01
-3.985167330057012691e+01 3.759818992045132546e+01
-2.625677398235869831e+01 2.932189898526136673e+01
-2.675319489853724519e+01 3.072283560024806448e+01
-2.817079357993708655e+01 3.268721661074684448e+01
-2.995179172859681316e+01 3.421976296171068554e+01
-3.352176642554214681e+01 3.698428915279167484e+01
-3.705377227410076557e+01 3.884874912972511396e+01
-3.824934463541346474e+01 3.944874958122945685e+01
-2.141967024018490307e+01 3.231652316251070545e+01
-2.386559707808389064e+01 3.275696559776515215e+01
-2.588954729778111741e+01 3.444719875675602339e+01
-2.766598956789821528e+01 3.602345155836896140e+01
-3.140593224988457877e+01 3.925874371166590748e+01
-3.548528384852304640e+01 4.069447646016300979e+01
-3.670724728107330037e+01 4.122308332611325454e+01
-1.810648744876390026e+01 3.344692700476350211e+01
-2.138885914874641259e+01 3.449936680780323428e+01
-2.375268870941521726e+01 3.611940394508546603e+01
-2.562620514851420239e+01 3.788586560582513130e+01
-2.885671721573735127e+01 4.164579515148309952e+01
-3.408140714471581134e+01 4.242505499961526283e+01
-3.533786798006698149e+01 4.286728024438789930e+01
-1.434455538524924911e+01 3.487739597356676313e+01
-1.934187735322789337e+01 3.567923417752486159e+01
-2.200421250454066779e+01 3.715463746516888222e+01
-2.406998496485437400e+01 3.898707873191381168e+01
-2.652285468338443053e+01 4.106793249302165094e+01
-3.309252391203204979e+01 4.391826992872756108e+01
-3.453001700940457397e+01 4.412029769041312477e+01
5.576745022652787931e+00 1.222112733081115676e+00
3.380579505232236048e+00 4.462451738216216546e-01
1.321114765122185730e+00 -1.509821739113756056e+00
-6.281343761148534544e-01 -1.977614030848027449e+00
2.579641990811760155e-01 9.622781142966587709e+00
5.120258484715602132e-02 7.603748815295966246e+00
-9.538450764118988623e-02 4.943882039058925315e+00
-7.021732231611302888e-01 2.666732669449099813e+00
1.471054275509727782e+00 1.177963926001432959e+01
-6.983047875709851304e-01 1.171910201187159295e+01
-2.014371185208915893e+00 1.586147677424001579e+01
-3.233892526982494964e+00 1.662809811892591227e+01
4.562770392847370182e+00 1.676021625755801026e+01
4.569643026640148875e-01 1.857400593759641438e+01
-2.005018291718555723e+00 1.920006677371906534e+01
-2.827154069606089948e+00 1.803315334878303489e+01
1.485301900488710469e+00 2.528145724998462995e+01
-1.884272543017381785e-01 2.370351082049082336e+01
-1.867476801838189093e+00 2.181240492317142099e+01
-2.614655279950887312e+00 2.050504463039736436e+01
3.413706663654180740e-01 2.827994899860246392e+01
-8.397503244694448643e-01 2.654776959692717853e+01
-2.023455316962394779e+00 2.445811357762795879e+01
-2.779570158347609343e+00 2.300914933008188257e+01
-6.175044834805148319e+00 3.096000111241989927e+01
-2.591248926040223832e+00 2.942785604067583805e+01
-2.517695611649076071e+00 2.743008797652161945e+01
-3.072724574357767580e+00 2.529678026506595145e+01
-7.642425090471739679e+00 3.316095947931609089e+01
-5.405293433185510033e+00 3.345831812150411366e+01
-3.152216486138301743e+00 3.348526563288103119e+01
-2.103343279920793840e+00 3.292846407466344516e+01
-9.908980599530986311e+00 3.481450306042238907e+01
-6.914099230247577665e+00 3.534579991773559016e+01
-3.621472242300798783e+00 3.626106187772232659e+01
-2.594372190384775401e+00 3.490459609449276712e+01
-8.372398181331332623e+00 3.692776861589980797e+01
-2.248335261401381402e+00 4.112347959869307346e+01
-3.004738516480396360e+00 3.959170099078946237e+01
-3.052342028973029198e+00 3.784836564886719401e+01
-5.215765760225104408e+00 4.969327846745625266e+01
-5.965946147129813859e+00 5.148787490252099275e+01
-6.941315460809623694e+00 5.376778086465952811e+01
3.367359551003196172e-02 4.136415655237136235e+01
-4.159632571814710356e-01 4.321258302784720229e+01
-1.509738283096093259e+00 4.438813487076717479e+01
-3.345615622412543289e+00 4.832367399858298285e+01
-4.504097338616769974e+00 5.089247209334146049e+01
-5.614528374718402937e+00 5.308921299170008012e+01
-6.470244955406892373e+00 5.501127377114035255e+01
-7.264731450177191796e+00 5.610182873804391335e+01
1.588940960371150624e+00 4.344660490824812626e+01
4.614320404361457184e-01 4.538260427876947034e+01
-5.490910143141093380e-01 4.784376354415594790e+01
-1.756655558404054629e+00 5.081408281783556902e+01
-2.930879641433593807e+00 5.303254752284306051e+01
-4.386978822220905627e+00 5.525430775992961685e+01
-6.121505969290339522e+00 5.703078635853147915e+01
-6.964459350388376713e+00 5.840696106417756539e+01
2.647394136598921754e+00 4.572290107547322435e+01
1.536762324128315482e+00 4.767694015321173140e+01
6.228106396742895123e-01 5.094385483327396003e+01
-1.022066149062596629e+00 5.277965479815094341e+01
-2.160688560841702355e+00 5.513671217139074798e+01
-3.871314863935687356e+00 5.754245785492445009e+01
-5.759557875284093242e+00 5.913317523123208019e+01
-6.654012824753068323e+00 6.010536373145316702e+01
9.492351811876677203e+00 5.013983899759083585e+01
6.602288277097089875e+00 5.287669409975662660e+01
5.000385601871312424e+00 5.469365200402867799e+01
2.514124400091167999e+00 5.584052641773753578e+01
-7.971507409406941580e-01 5.995643425450992225e+01
-2.523688450480700229e+00 6.223077699367522797e+01
-2.339964453107519216e+00 6.454003231121988904e+01
-1.982234461980382223e+00 6.590707483772372655e+01
1.204204991850840756e+01 5.172963403260170168e+01
9.288743067412214671e+00 5.304836138863220896e+01
7.149201038786545226e+00 5.497135022941171911e+01
5.324831730139718111e+00 5.697835254360027335e+01
3.878585534341232766e+00 5.938286205349722024e+01
2.751355621613933877e+00 6.175537262964156326e+01
1.871179436360251414e+00 6.361879286966235725e+01
1.497113861982219518e+00 6.472676345054034641e+01
1.370487656344833383e+01 5.150467053889978786e+01
1.079561473740279531e+01 5.296130979642112635e+01
8.803065833721584355e+00 5.445207290802802902e+01
6.779048415401359051e+00 5.659618993651829300e+01
5.154450656607192371e+00 5.865018967074170320e+01
3.952517308010750519e+00 6.087680633243617478e+01
2.913248942163308097e+00 6.311165752347427826e+01
1.054343625464015943e+01 1.106246066889341018e+00
8.905216178894612256e+00 -1.762772172615098276e-01
6.491819418713569156e+00 -1.386618913027849453e+00
4.086208073137846064e+00 -2.058206063362586047e+00
1.279490298226123812e+01 2.245864659799099439e+00
1.274825534796213944e+01 -9.174385074808472096e-03
1.759246250097967845e+01 -5.314371276692885226e-01
1.860654228076137073e+01 -1.563132985624949844e+00
1.692174733159384203e+01 7.338066993431127116e+00
1.970036694185546011e+01 2.660710613534090996e+00
2.085792749113502609e+01 2.449074971505841580e-01
1.989119046535686408e+01 -8.220200691683230421e-01
2.424935732443049474e+01 5.869880069487039442e+00
2.416531835552483543e+01 3.508938470830540446e+00
2.332346372556588321e+01 1.181034166504487448e+00
2.229309193536305500e+01 4.923917458568152772e-02
2.734036886906829267e+01 6.993523144070639574e+00
2.652772997551420886e+01 4.349298344102296099e+00
2.587992914726640592e+01 2.074319429561602313e+00
2.480670218485028045e+01 7.886978982346098954e-01
3.003425698988064951e+01 7.944252376060716436e+00
2.932393291721491124e+01 5.348078829569146819e+00
2.860949026703146458e+01 2.941597305979415822e+00
2.754016729116665374e+01 1.637160132838373139e+00
3.243433061024269648e+01 8.907032924717626088e+00
3.217283215851914946e+01 6.549719983460069450e+00
3.113078326090282033e+01 3.948497115148842607e+00
3.030525847200458500e+01 2.569292365698788494e+00
3.422890688728885067e+01 1.131211178014159024e+01
3.430512281089916371e+01 8.212276886218759842e+00
3.362018784986084086e+01 5.155104894089464374e+00
3.223169905301723759e+01 3.236143443230945493e+00
3.728457907701267260e+01 1.211564166148715493e+01
4.156241040792665586e+01 1.139279385070938488e+01
4.439799605727507981e+01 9.728657660947304109e+00
4.574246650279881266e+01 8.481461191488325113e+00
4.805651663246357685e+01 8.369574813646055489e+00
5.039548593849177394e+01 7.717131295329770602e+00
5.275073493922596413e+01 7.061839574102950934e+00
3.983279407970321273e+01 1.364606735908422941e+01
4.241812611957410439e+01 1.316884269885902548e+01
4.406892149895411137e+01 1.190104955448551216e+01
4.674697019498467654e+01 9.810455460067524669e+00
4.961802265774159082e+01 9.048421359866122060e+00
5.192834064451307796e+01 8.268121068838892640e+00
5.392990461197599927e+01 7.691021556052486829e+00
5.511834432761464342e+01 7.100500357858702927e+00
4.181413969615880433e+01 1.563152630170363544e+01
4.434692704903239502e+01 1.433958702616791214e+01
4.672412130578121037e+01 1.338781800632551544e+01
4.978426575334508186e+01 1.208868567281815132e+01
5.184331113333685437e+01 1.098174223304635433e+01
5.401565356168117660e+01 9.769412876570108040e+00
5.591190147949044587e+01 8.369481814097104788e+00
5.740403029335363527e+01 7.844938263441976645e+00
4.394599527901117852e+01 1.699528155583396583e+01
4.650250520139302779e+01 1.561021647954926195e+01
4.996024368976792829e+01 1.454290924920190697e+01
5.170850329896145325e+01 1.287042653523662139e+01
5.391016738967058330e+01 1.198625531116083032e+01
5.623521445078026204e+01 1.061272128076840104e+01
5.799082777210985995e+01 9.138300924354812338e+00
5.908537882681024911e+01 8.500935917097979910e+00
4.675374423481479624e+01 2.058746684905194613e+01
5.116332988262497139e+01 1.891486468210025507e+01
5.358262019030659218e+01 1.933314639237822519e+01
5.505604342758887526e+01 1.576552761120931834e+01
5.820636870793731532e+01 1.379527449446678311e+01
6.094087563902007076e+01 1.227206758120111907e+01
6.319881013402088854e+01 1.285190613237746682e+01
6.434486845603159111e+01 1.367147342449131919e+01
5.200056549819196050e+01 2.742149923269751710e+01
5.419627447333493819e+01 2.524510155522626675e+01
5.581372157057774075e+01 2.316672371832970967e+01
5.759395092768187396e+01 2.148772717803736398e+01
5.969135583985318050e+01 1.999811159247556702e+01
6.167639166817038898e+01 1.851405387125927149e+01
6.319138689321840019e+01 1.711262577085033243e+01
6.408951728973568152e+01 1.633301109493601544e+01
5.087137966658141153e+01 2.854935067466910326e+01
5.357190315175725459e+01 2.651438012464163663e+01
5.545156342034849217e+01 2.464326163468540898e+01
5.722027979906194872e+01 2.287423425147826705e+01
5.906920372168488598e+01 2.129467969038734054e+01
6.107573741672432277e+01 1.980691013500289088e+01
6.293531503037495156e+01 1.824107327603600126e+01
1.997158653161673625e+00 -1.146861861747477995e+01
9.426667258785815795e-01 -9.684244756498465279e+00
5.527078379391150431e-01 -7.011411131298235233e+00
1.252474645467040182e-01 -4.857499819816826658e+00
2.992007351371844148e+00 -1.356903190149616556e+01
7.792187603545593921e-01 -1.348536596529523024e+01
5.044056646234326702e-02 -1.841098361048575072e+01
-1.015451449157628305e+00 -1.939120828016691434e+01
7.002205272997456653e+00 -1.797655635832492749e+01
3.034212761300834060e+00 -2.044711550408524658e+01
6.298699245205187092e-01 -2.172582138359954129e+01
-3.784142620845992733e-01 -2.071469169745302707e+01
5.910492990637107091e+00 -2.566053344520809532e+01
3.619874791675299797e+00 -2.528303119543847544e+01
1.390035195774699472e+00 -2.423582712772863346e+01
3.385506756163920161e-01 -2.313979986719596482e+01
6.814330375554706443e+00 -2.886146590191900785e+01
4.288119533288663021e+00 -2.772781934611561994e+01
2.082943373711746204e+00 -2.686008746467363650e+01
8.895359275310833480e-01 -2.567767161093650685e+01
7.562958438614990619e+00 -3.166636075425930841e+01
5.065602219985338550e+00 -3.063585690925830463e+01
2.739237016552702908e+00 -2.967365462537151188e+01
1.530079529418695072e+00 -2.848255590868270559e+01
8.389314594664725178e+00 -3.413073994609253958e+01
6.062046687183221039e+00 -3.364976219874498753e+01
3.523066687824839338e+00 -3.229463149599987304e+01
2.235366800104309437e+00 -3.133093203810210170e+01
1.061456318981537628e+01 -3.616212570459637021e+01
7.568891049464038012e+00 -3.595794547795089358e+01
4.536864089653108500e+00 -3.494951356909291462e+01
2.734283624140957158e+00 -3.334631462680033565e+01
1.103749462960299610e+01 -3.925851379298901378e+01
9.910705435243757577e+00 -4.364832541651239239e+01
7.887042579101628981e+00 -4.634839360060446012e+01
6.457272488563971180e+00 -4.751217160693712316e+01
5.956756136666049528e+00 -4.980070241307853962e+01
4.861717723530571966e+00 -5.199640347900045612e+01
3.723689056351007665e+00 -5.415569643120655741e+01
1.223182530451649974e+01 -4.218630777888157724e+01
1.151764095550734091e+01 -4.476702761644895645e+01
1.005121861938153849e+01 -4.629623681454047102e+01
7.600847394220264341e+00 -4.871217345378009611e+01
6.320185311295514197e+00 -5.147890095785422204e+01
5.085457184637070860e+00 -5.362217869757897404e+01
4.081370852878500877e+00 -5.544672215216095168e+01
3.221453452926786643e+00 -5.645497278213120040e+01
1.387048708194378399e+01 -4.451147715934353499e+01
1.235917010598063648e+01 -4.691330613168864971e+01
1.104476377585128155e+01 -4.916544517855179208e+01
9.203274932766444039e+00 -5.218455886241110164e+01
7.715453570496912050e+00 -5.404266489050140621e+01
6.092857476212558687e+00 -5.599215901046701305e+01
4.276554529689946094e+00 -5.751667027578707092e+01
3.389310557809975144e+00 -5.880609523673827965e+01
1.476800497897831299e+01 -4.696625557658146022e+01
1.322726310304996034e+01 -4.925021007270746765e+01
1.158635033279724347e+01 -5.278953999178655465e+01
9.615442597926019630e+00 -5.418125757391836572e+01
8.240146566081868684e+00 -5.627442515476812446e+01
6.382384080243095781e+00 -5.839431167300234193e+01
4.512765729042180318e+00 -5.967620877204164032e+01
3.602393357886273240e+00 -6.054976147693439259e+01
1.866349934437484137e+01 -5.123900954381993245e+01
1.612383223325770842e+01 -5.484487115183365091e+01
1.471806663873817911e+01 -5.680531240153731432e+01
1.236067556087118113e+01 -5.803980980178812388e+01
8.693820276974106420e+00 -6.154885977176123646e+01
6.713049981021802282e+00 -6.370491991193005532e+01
6.898094212414410009e+00 -6.597579971399464682e+01
7.477804892726903851e+00 -6.730692358232843731e+01
2.130644294810980455e+01 -5.285001585232554078e+01
1.878243023432661474e+01 -5.468523833187276040e+01
1.681052217702638174e+01 -5.692669174172942803e+01
1.506118496919754968e+01 -5.907375313399435868e+01
1.358238647050999859e+01 -6.139403765154332859e+01
1.228545578185008758e+01 -6.361882082561513130e+01
1.122390033502104600e+01 -6.536586646928452637e+01
1.072935403157222467e+01 -6.642132235325445322e+01
2.289989100399886723e+01 -5.233722161810549522e+01
2.023393784734928857e+01 -5.430454488521097289e+01
1.842290051465690581e+01 -5.613289393605239042e+01
1.648324522705452466e+01 -5.863054763871495823e+01
1.488297649131987654e+01 -6.072767019603600858e+01
1.355228348796474336e+01 -6.287534508954278323e+01
1.231466369975871977e+01 -6.495881547206813877e+01
-9.835531416325588694e+00 -3.121914509582976560e+00
-8.411730281284025779e+00 -1.568961245579703068e+00
-5.784730870518865586e+00 -1.187578341662145487e+00
-3.555208418072747900e+00 -1.245681847685252697e+00
-1.196120319191501480e+01 -4.048190383536717896e+00
-1.184624283165545577e+01 -1.752075707511549618e+00
-1.584107701349024389e+01 -1.064371196204648706e+00
-1.682206857722483306e+01 -2.314224082693410248e-02
-1.650558681608815803e+01 -8.316630940213270762e+00
-1.831418186804387460e+01 -4.101681612197957350e+00
-1.913981986837615779e+01 -1.682088225369358758e+00
-1.813863606786482663e+01 -6.607819396482464969e-01
-2.370902587746412138e+01 -6.778070691287758187e+00
-2.282583484211806635e+01 -4.608785740178211299e+00
-2.160310000525022645e+01 -2.405417250874983370e+00
-2.053699568878709769e+01 -1.342785363542041255e+00
-2.714802637828615062e+01 -7.328041695423612722e+00
-2.539184193144269130e+01 -5.018245713529869256e+00
-2.421232251825428250e+01 -2.922526628241936653e+00
-2.298467110334436470e+01 -1.798315707282983622e+00
-3.011275578335680692e+01 -7.550524235805226247e+00
-2.848242484660508467e+01 -5.381777873225289888e+00
-2.701564940577071994e+01 -3.253935826641308093e+00
-2.570644882460481284e+01 -2.184885632997776383e+00
-3.270592032172255159e+01 -7.696974731899445921e+00
-3.160878428275829677e+01 -5.682859921101611533e+00
-2.970121382545368860e+01 -3.585616498196908086e+00
-2.849771435686032106e+01 -2.481039092291106751e+00
-3.493822747497346626e+01 -9.082493524959568632e+00
-3.427552385418209724e+01 -6.508931439218084591e+00
-3.225712184462924625e+01 -3.825663643376826073e+00
-3.048346766911418015e+01 -2.578308536021842734e+00
-3.688046713526075848e+01 -7.467119062873893043e+00
-4.621402024355926841e+01 -2.441285749121269166e+00
-4.888093334884655405e+01 -3.589290315599805936e+00
-5.036946818258619629e+01 -4.689241471414163698e+00
-5.265467043892342502e+01 -4.862842678147814901e+00
-5.508419842622467399e+01 -5.526403388050132648e+00
-5.749520960169807182e+01 -6.167120273604354885e+00
-4.440408078560042071e+01 -9.181899158376612968e-01
-4.660582551796758821e+01 -6.906328912913979323e-01
-4.838445193054872107e+01 -1.677720819666839169e+00
-5.126086451660456333e+01 -3.418473237510822216e+00
-5.421067044775767130e+01 -4.214223966855533021e+00
-5.660266663221020877e+01 -4.971046176574223097e+00
-5.866727968272294902e+01 -5.525947635327086438e+00
-5.988611338199424239e+01 -6.108513598518736210e+00
-4.608061714894743943e+01 1.288589435661917859e+00
-4.846377647883063844e+01 6.660766208353843254e-01
-5.090739570113112222e+01 -8.738962143990962328e-02
-5.403034315800081799e+01 -1.314783651708071099e+00
-5.623303415312508236e+01 -2.321656720800847395e+00
-5.857008595198132639e+01 -3.426889682094450329e+00
-6.062158646583235111e+01 -4.826862592018986042e+00
-6.214022739952181951e+01 -5.375219127576623457e+00
-4.827950038187904624e+01 2.935011827654268490e+00
-5.061056496472993871e+01 2.139248581816610262e+00
-5.395618317114301732e+01 1.299006016304921518e+00
-5.587588202651550517e+01 -4.024596822182917033e-01
-5.813868375819988898e+01 -1.190117013421780001e+00
-6.066904015965848629e+01 -2.478154456584700238e+00
-6.260740835188576625e+01 -4.046600017152084838e+00
-6.374262288652822406e+01 -4.715698738983416405e+00
-5.095984379069516024e+01 6.917561367017212248e+00
-5.416890844541384098e+01 5.434166738055782986e+00
-5.670718674285533467e+01 5.396483418323613890e+00
-5.819239425509689312e+01 2.881421381972193885e+00
-6.190388251327122759e+01 1.323637292675157395e+00
-6.473305330939481905e+01 1.155176296525568386e-01
-6.707681920633292805e+01 7.013264174581247401e-01
-6.826109179436639351e+01 1.401331695309996794e+00
-5.597451367272725520e+01 1.497548814307518228e+01
-5.799094435162975714e+01 1.276396442125729358e+01
-5.967692726462353647e+01 1.083862952796599721e+01
-6.146939022039303779e+01 9.169811098751022627e+00
-6.348635195363978312e+01 7.712838125410673484e+00
-6.543756731110423175e+01 6.257898989389933497e+00
-6.698666449438684367e+01 4.909693943619449996e+00
-6.791854648828767438e+01 4.174897437079154727e+00
-5.500070894578198732e+01 1.621307877104088035e+01
-5.742810810314662007e+01 1.403086466151007095e+01
-5.924293705438453372e+01 1.222720883363938249e+01
-6.103163425087892335e+01 1.051758206330088008e+01
-6.289527090441836066e+01 8.992440266396483750e+00
-6.486185240369781013e+01 7.553155276647985694e+00
-6.670732612969705144e+01 6.037566020627708419e+00
-3.433666177590010360e+00 6.557349182642776952e+01
-4.034413258035725036e+00 6.429529737488796570e+01
-4.355397580098563814e+00 6.288371397418571718e+01
-2.542832149930374541e+01 4.708845728043272771e+01
-2.645174522736310152e+01 4.550984387126634090e+01
-2.796267871168531016e+01 4.367716138632857081e+01
-3.025453402776747680e+01 4.061381323465637649e+01
-3.236604005935597428e+01 3.810042428778509560e+01
-3.446313442008481331e+01 3.582327468521742730e+01
-3.648663233246606552e+01 3.362514787870343014e+01
-3.863066376505231858e+01 3.112377963257615932e+01
-2.524640790646938626e+01 4.585465986895080448e+01
-2.662709154391673039e+01 4.408831646421779027e+01
-1.292079203734863846e+00 6.499006585904727729e+01
-1.364519921982527473e+00 6.339788516230586879e+01
-1.083063929877259746e+00 6.171853759484684332e+01
1.057763459415963503e+01 5.964716804313354004e+01
1.224868510051753923e+01 5.875121271275251189e+01
1.369669071727897069e+01 5.815913696914613240e+01
2.282608021472366033e+01 4.611205844272974019e+01
2.402334211010011700e+01 4.503514105013632474e+01
2.657791154522639587e+01 4.332339173349980399e+01
2.909772710010664198e+01 4.135691037251879720e+01
3.180040015214492755e+01 3.918878648246074192e+01
1.090132543778099539e+01 5.830234921115551572e+01
1.262847163388247473e+01 5.740283232489726828e+01
6.304967828177727540e+01 1.392101551844109686e+01
6.163818621148008248e+01 1.362765941669109715e+01
5.974437964953530411e+01 1.384651201190035508e+01
5.707238084206505846e+01 1.541487848352174161e+01
5.024907660712936774e+01 2.189992842236437198e+01
4.899654483651140424e+01 2.302923694487822104e+01
4.278080545961700665e+01 2.844830868685637526e+01
4.087042517470425906e+01 3.059695724569228759e+01
3.884123208720518505e+01 3.293585695912266686e+01
3.681448132807992124e+01 3.486356621116809862e+01
5.163393854117342130e+01 2.038495396549985728e+01
4.900948945358788933e+01 2.168961070634038180e+01
6.445950000012258840e+01 1.210605740050351464e+01
6.352101096739340846e+01 1.107725865228472450e+01
6.257653514904356484e+01 9.928564691194159408e+00
6.230571704594537863e+01 4.342426311826560692e+00
6.218134359429095781e+01 2.106716462097652620e+00
6.217979893566558047e+01 6.072554878932340250e-01
4.396703539079112488e+01 -2.623306357045292359e+01
4.310362153972270249e+01 -2.797770573830912966e+01
4.163652980450843444e+01 -3.032463286685648640e+01
4.004453010705815785e+01 -3.257738390624152203e+01
3.805764002559124037e+01 -3.500705321317490615e+01
6.152256850740290872e+01 3.198881506779625461e+00
6.118456117812525719e+01 1.332250796600858544e+00
7.969290312533268583e+00 -6.628074549287654804e+01
7.804878989478783780e+00 -6.476503820677987733e+01
8.135810547056834707e+00 -6.321015642431169823e+01
2.079746388057888140e+01 -6.088261612245552357e+01
2.231049950198825016e+01 -5.978350663359832851e+01
2.364072336671139496e+01 -5.898142660400947790e+01
2.933866758621436688e+01 -4.488566090040301759e+01
3.023494508418648508e+01 -4.357047672724143439e+01
3.227523058698259462e+01 -4.142634944541871533e+01
3.424351689390316267e+01 -3.927458276285387484e+01
2.091571360967710191e+01 -5.952785975881886316e+01
2.248967751814211624e+01 -5.838595976890581341e+01
5.923261120795110024e+00 -6.712643590225981427e+01
5.028491850505716343e+00 -6.604367036090198440e+01
3.868511242099249348e+00 -6.495567797221085016e+01
7.295780797253068606e-01 -6.447014401594763910e+01
-1.764769050319176191e+00 -6.428644091035958752e+01
-3.270081419208267448e+00 -6.422420063167990634e+01
-2.646552059235089516e+01 -4.454145170362151873e+01
-2.817747189323439727e+01 -4.354575921164341423e+01
-3.044069747425271188e+01 -4.192293204927150185e+01
-3.256756137985387056e+01 -4.023218321298949007e+01
-3.636941465974300769e+01 -3.671427731760432778e+01
-5.921154855671404427e-01 -6.378722718879807019e+01
-2.503689962946363146e+00 -6.327628287994020440e+01
-6.820612746131558879e+01 -1.520221551649011960e-01
-6.702915330419997986e+01 -9.813941753345589714e-01
-6.564163220500417140e+01 -1.507643273413958207e+00
-5.024602062290577464e+01 -2.172864638789831204e+01
-4.916316046584134369e+01 -2.337887890390710055e+01
-4.748097149574731191e+01 -2.506815152717194195e+01
-4.478350531119740197e+01 -2.769917134426972893e+01
-4.262590291087722960e+01 -2.996597747934365330e+01
-4.064704097586434273e+01 -3.222036782338209804e+01
-3.872236383774165347e+01 -3.436637222053513341e+01
-5.029685458828443245e+01 -2.295411840437966688e+01
-4.881418310033085817e+01 -2.473262533585743483e+01
-6.697661437924976724e+01 1.772332783459191985e+00
-6.547315998464623021e+01 1.518070057453592359e+00
-6.344493326995618077e+01 1.599098099600555267e+00
-6.037779548773603011e+01 2.989734577724244335e+00
-5.457865134822906583e+01 8.369256703443918255e+00
-5.352779596051901478e+01 9.487036735167141188e+00
-4.685216016421937724e+01 1.887031236000068901e+01
-4.563836144363348524e+01 2.126188198468778978e+01
-4.419643355766695691e+01 2.395558365359840280e+01
-4.258717615223475406e+01 2.629201126514486475e+01
-5.549015318671309416e+01 6.653082627280285877e+00
-5.334486344075165931e+01 8.101581686441834407e+00
-5.419026578015377460e+00 7.412644068899965966e+00
-1.148261475522658159e+01 8.660168176498290293e+00
-4.651010943254946461e+00 9.893239799962657344e+00
-7.616922606065901213e+00 8.312606417549405435e+00
-1.005654882945951023e+01 1.161873926908618770e+01
-1.226038706029952507e+01 9.974163866439219817e+00
6.314661056970697572e+00 1.619160913687705872e+01
-1.233894656478181062e+01 1.228280639563041632e+01
-1.353232878443993492e+01 1.116880073653615391e+01
-8.930721660972597675e+00 2.600668664945503394e+01
-1.045661807192940174e+01 2.606356150373977698e+01
-1.025659348943600335e+01 9.951828948217276150e+00
-9.499459987980193532e+00 2.806462226222874179e+01
-1.073950128990243513e+01 2.776089261628064619e+01
-1.034366462723123803e+01 3.008061536514880530e+01
-1.161824246013308226e+01 2.956853982471278641e+01
-1.179880866659909522e+01 3.217014630398075781e+01
-1.327369746641295301e+01 3.113991303565117619e+01
-1.293030307195157924e+01 3.398838876213201843e+01
-1.447547161761378121e+01 3.294201248769730483e+01
-1.635486330578650538e+01 3.237335390019595138e+01
8.096415783918248010e+00 5.563524391985149364e+00
1.025116032029005453e+01 1.173686137957382059e+01
3.469239935709753642e+00 1.056600896975212756e+01
9.380857078733779275e+00 7.706553888473420599e+00
7.592696694603874086e+00 1.401455786363032807e+01
1.169303438193222000e+01 1.184180018718916116e+01
7.637881400631401974e+00 1.591018775247545136e+01
1.376575803474439397e+01 1.199669757465753328e+01
4.778263696359177359e+00 2.635642777348880728e+01
6.381226196812606943e+00 2.668789692726300800e+01
9.154839438842111932e+00 1.270150906682278702e+01
5.253613399499903025e+00 2.833025117020866546e+01
6.583744277375523701e+00 2.848274434980651293e+01
6.282427910542800475e+00 3.039257601626646377e+01
7.585828362702125460e+00 3.041732433184940021e+01
7.929666323824750229e+00 3.274059916204337384e+01
9.147362419151079393e+00 3.196605282981768070e+01
8.984514429645965805e+00 3.478259669785240504e+01
1.028312749608322640e+01 3.408468862967205126e+01
1.208891063629073948e+01 3.402702181049157559e+01
1.139949346085657567e+01 4.275236058008455409e+00
1.368709502772925646e+01 9.503367434380260548e+00
1.592601889747868604e+01 9.143290861396410563e+00
1.508220895865282962e+01 1.055702960806419810e+01
2.479422264560841427e+01 9.448834587254069106e+00
2.489483743731413767e+01 1.108758312457018036e+01
1.151804712417513166e+01 1.019508627064603168e+01
2.690032057563950119e+01 1.012278194498728823e+01
2.670024004261818718e+01 1.146317762110624550e+01
2.905581257855624600e+01 1.101591892020683083e+01
2.863946560197652147e+01 1.236756086630694185e+01
3.149004856599596280e+01 1.245750394990662713e+01
3.052194741088307950e+01 1.392972343769157284e+01
3.350747391482651949e+01 1.343096256579592307e+01
3.266480813553147300e+01 1.500621937185008647e+01
3.244929406065860178e+01 1.690376185028067368e+01
9.383306392360486470e+00 -5.997524976548216813e+00
1.185375841375056183e+01 -1.182578654464905554e+01
1.168244594742579601e+01 -5.085942993012100288e+00
1.062411411179666487e+01 -8.135769561062138777e+00
1.324283243448765290e+01 -9.680446982665422695e+00
1.191267011494180927e+01 -1.342969911896328128e+01
1.349965055650438295e+01 -1.458316665580210447e+01
1.202598720606147786e+01 -1.538217739609578061e+01
2.898664867713313598e+01 -7.183935536161150992e+00
2.906445226453534403e+01 -8.713707646578354726e+00
1.332416138356134638e+01 -1.124343243363904854e+01
3.083534521548106966e+01 -7.971413515359698998e+00
3.075079525250646384e+01 -9.193526849521974853e+00
3.267245679655686530e+01 -9.161056243617682782e+00
3.245459379020909552e+01 -1.037138178949320100e+01
3.471002320824895548e+01 -1.096178153578712688e+01
3.378362201940499432e+01 -1.203847617295206085e+01
3.662139659935976255e+01 -1.227550145018308925e+01
3.568440220578180799e+01 -1.341070398592111879e+01
3.523978904518854449e+01 -1.511705535092390207e+01
4.783185749244617924e+00 -1.191940080234436650e+01
9.419044906515397386e+00 -1.493043027669912171e+01
8.735360054942615804e+00 -1.713310983629493833e+01
1.021770317277451490e+01 -1.651136691680962443e+01
9.407062873849914908e+00 -2.658572309519639632e+01
1.102937442012766311e+01 -2.682494401277825347e+01
1.016714266913118436e+01 -1.279013098485649991e+01
9.946330481673140156e+00 -2.873608886152657860e+01
1.129464769841303351e+01 -2.864312168086201282e+01
1.066641802977972908e+01 -3.097338120506168124e+01
1.204304709165370113e+01 -3.063603399624166101e+01
1.193741976557044637e+01 -3.348088028372065850e+01
1.347794968963079043e+01 -3.263891569449471319e+01
1.280097824349471480e+01 -3.559229155054998017e+01
1.442719534383048874e+01 -3.485536836428120466e+01
1.635176060780430873e+01 -3.476836510951183357e+01
-7.537433670684629661e+00 -7.421135127357556094e+00
-1.006371668811429920e+01 -1.308069960041706459e+01
-2.351974573373249111e+00 -1.245200641592704649e+01
-8.659408830955158010e+00 -9.416251518946337384e+00
-7.818877338382400843e+00 -1.424508380518920170e+01
-1.170494855639814347e+01 -1.313965212540735905e+01
-1.268654858104683925e+01 -1.486860865251739838e+01
-1.362231931182255806e+01 -1.343449894280154133e+01
-6.870177675442505461e+00 -2.978659973524794324e+01
-8.395884871268755489e+00 -2.982748108719280822e+01
-9.344571909313502900e+00 -1.442892791575574485e+01
-7.705755945369214821e+00 -3.161998461264677118e+01
-8.928439172310531191e+00 -3.150580302988979753e+01
-8.937572958440101800e+00 -3.344338324193883238e+01
-1.014865426710644059e+01 -3.323365507776617278e+01
-1.077838118170763693e+01 -3.549763261252082458e+01
-1.182522675658025513e+01 -3.454229250655526329e+01
-1.215003604632089562e+01 -3.739244237490672873e+01
-1.325377364917592615e+01 -3.643233824672533672e+01
-1.494061123109059075e+01 -3.594606568549889403e+01
-1.033723684172140977e+01 -6.204898575404258487e+00
-1.337488069752260245e+01 -1.069698784483509613e+01
-1.563357720508927251e+01 -1.018263744299177276e+01
-1.489493295661869254e+01 -1.164675943132593794e+01
-2.532461572622245782e+01 -1.011887542677811958e+01
-2.580872940146266714e+01 -1.167851775097234324e+01
-1.120637475961530782e+01 -1.147078863715141850e+01
-2.751960900278664823e+01 -1.040602011213341704e+01
-2.764020960411053807e+01 -1.174778954702312461e+01
-2.982094415887810968e+01 -1.084504099553600120e+01
-2.972769691549731164e+01 -1.224485167355388526e+01
-3.243936147752383192e+01 -1.173551006150294107e+01
-3.177216031305772503e+01 -1.340181073044918847e+01
-3.456666148424625362e+01 -1.238052105415827953e+01
-3.387560456463940284e+01 -1.406796905760734084e+01
-3.371374457179366857e+01 -1.598084986590141199e+01
-1.079860631842112184e+01 1.453712534930023725e+00
-1.376407786309463610e+01 7.726443739713859671e+00
-1.455021629536811112e+01 9.912373497975863756e+00
-2.757042213572986000e+01 4.298031698671156420e+00
-2.788514459802764378e+01 5.786026584970686670e+00
-1.224485159970140558e+01 7.187766615895362143e+00
-2.956087245190818180e+01 4.661938913664507744e+00
-2.964564028852171162e+01 5.888427697584774023e+00
-3.163213762216433267e+01 5.307651752369070941e+00
-3.157533891455710062e+01 6.550742524458173399e+00
-3.396918652906801839e+01 6.447856941523639307e+00
-3.331168521574975472e+01 7.769358192197390878e+00
-3.610827534348520373e+01 7.163833807705153767e+00
-3.547201855295156747e+01 8.544455915599876050e+00
-3.541378215351868164e+01 1.032368916166090678e+01
-1.046978663406527454e+00 -3.056498764655878331e-01
-5.109345409794856963e+00 5.119271004444872375e+00
-4.245423395047483339e+00 2.732627839824689264e+00
-2.837377791097281943e+00 1.173949444200954817e+00
-3.489570582699637491e+00 8.398995577674719826e+00
-2.957980103434543206e+00 5.623461946704871650e+00
-7.708977552598232919e+00 6.152501555262899657e+00
-6.849601414431963242e+00 4.157629182309263705e+00
-7.042601981205828032e+00 1.094036567348411104e+01
-1.005370636346390611e+01 7.632892563186723933e+00
5.993002476530479683e+00 4.644912707033840960e+00
3.520930331949820857e+00 3.805014722256528703e+00
1.601183960370034187e+00 2.283074048829134117e+00
4.247622418448072423e+00 8.773614247519159193e+00
2.970187171813282401e+00 6.569672326252937289e+00
7.247104117602854778e+00 7.791318959216418705e+00
5.368775882831579693e+00 6.571639659314289617e+00
5.716879994475914550e+00 1.186898070853616893e+01
9.219347151693565223e+00 1.020430863386915910e+01
9.649067743150228083e+00 4.103649673546703625e+00
7.589025119602437641e+00 2.866172770854041651e+00
1.236396515617640368e+01 6.807083984958886447e+00
7.083608116288234058e+00 -5.686029374256792224e+00
4.592018735325604339e+00 -4.971382151746012390e+00
2.667023913392691625e+00 -4.091695764328012963e+00
1.019651477563836650e+01 -3.847494815712467986e+00
7.580694144808415302e+00 -3.576615932870116588e+00
8.491391765604110020e+00 -8.353326781994525163e+00
6.385340686787476905e+00 -7.509726430460370139e+00
1.329092756740917380e+01 -6.900741679713267018e+00
1.048570179999858176e+01 -1.063204059005522062e+01
5.531597700554153008e+00 -1.000780043766268790e+01
4.023397252980050354e+00 -7.915242476048720555e+00
7.271728883294784396e+00 -1.288946271174719094e+01
-5.370894043676472052e+00 -6.769552098641106852e+00
-3.072385693583994382e+00 -5.699608067188393079e+00
-2.311612267848047964e+00 -3.706547574116344723e+00
-3.629985253424669711e+00 -1.079796039076182979e+01
-2.399648034997315271e+00 -8.656879825687770591e+00
-6.545340635260348705e+00 -9.665110061372546468e+00
-4.667346010611171714e+00 -8.519316568883450458e+00
-5.022642389147587316e+00 -1.351262469879898198e+01
-8.839852403054919705e+00 -1.175491167295389339e+01
-8.624396331686467576e+00 -5.565854563297548019e+00
-6.071922618760202894e+00 -4.373475292209097809e+00
-1.172724001962525797e+01 -8.315338045164811120e+00
-9.187057360121112737e+00 2.932138270615148645e+00
-7.094937645968032669e+00 1.830459205667309464e+00
-1.190615636382637454e+01 4.267000836216595872e+00
