3.623424047986641483e+01 1.826904340554128581e+01
4.010411229393888988e+01 1.801841629938322953e+01
4.330415485624128991e+01 1.801740964973120640e+01
4.609059071286495168e+01 1.801313522842373871e+01
5.262636307175831263e+01 1.773687002223036302e+01
5.494230894574667445e+01 1.820767591751096504e+01
5.638400288746085920e+01 1.810407563466905856e+01
3.810218186727433931e+01 1.506597606549196477e+01
4.100917250650320511e+01 1.495301035363988795e+01
4.413366609659203021e+01 1.531067727494177255e+01
4.667304075262029528e+01 1.545014893187025429e+01
5.291910977349110112e+01 1.539130459501523873e+01
5.546655431533262259e+01 1.582954875886340673e+01
5.691709887543536439e+01 1.569069233493493165e+01
3.967133787731756911e+01 1.296738300860666548e+01
4.204328775067615709e+01 1.197989564565801501e+01
4.484086060907922899e+01 1.228397539753214041e+01
4.727000847330069888e+01 1.246615510459446696e+01
5.335472894220111328e+01 1.236487978782266062e+01
5.632736103756909785e+01 1.297918167305908632e+01
5.768126262793384740e+01 1.244031183433102328e+01
4.199345498832899182e+01 7.671236569195307275e+00
4.326374591087239452e+01 8.545238828901418060e+00
4.564840520344566244e+01 9.350963615332885226e+00
4.805339406503343014e+01 9.469374870900411523e+00
5.321582355665152164e+01 9.598986959819887588e+00
5.681894031502258713e+01 1.000663034261120643e+01
5.820314429522223776e+01 9.756554880271760766e+00
4.243314584510117271e+01 5.638233196615679788e+00
4.381453802318356594e+01 5.970154685582022225e+00
4.632876743505816108e+01 6.412512971110062132e+00
4.872838398828697848e+01 6.499618607315182039e+00
5.348851909755414624e+01 6.682664553480993419e+00
5.714328474821283521e+01 6.949364158879029141e+00
5.851088390336143874e+01 7.179999060821946166e+00
4.282485010213027010e+01 3.070682707116831001e+00
4.425814779956851197e+01 3.259894339186995005e+00
4.682449163411192217e+01 3.524476527685038274e+00
4.926552964964866277e+01 3.631979615981046905e+00
5.367223251074659629e+01 3.509447173205634485e+00
5.728500784639925314e+01 3.930507953034812374e+00
5.860882884538796134e+01 4.503372486965274035e+00
4.303531281777968331e+01 4.562549204623397303e-01
4.448375668214308121e+01 5.437977289027779992e-01
4.705781564858597932e+01 6.921610343647442987e-01
4.948474928428188235e+01 8.747201497493334310e-01
5.464845403377794497e+01 1.226294721676071342e+00
5.736339417346604108e+01 1.373743086587353002e+00
5.879415871789726822e+01 1.376646988025013618e+00
4.305450276913980900e+01 -2.180266611380944131e+00
4.449918865266747758e+01 -2.169631836887741638e+00
4.704731225415171281e+01 -2.148325752319776516e+00
4.944028175465820141e+01 -2.007566136172311388e+00
5.391386702892612703e+01 -1.483809721493027034e+00
5.758920144565128396e+01 -1.194722031114917149e+00
5.897506640799581845e+01 -1.408956886730490909e+00
4.288451597155104622e+01 -4.815512303939947891e+00
4.431967214224047780e+01 -4.873985593139009254e+00
4.687026001515695839e+01 -5.003717517535211101e+00
4.926928780235720495e+01 -4.923415863379362101e+00
5.385580283452542005e+01 -4.598150408584404047e+00
5.773488170834296795e+01 -4.132988463049569461e+00
5.910162942913758144e+01 -3.922776064181936917e+00
4.258031194326751745e+01 -7.018446706155149428e+00
4.401094855617748891e+01 -7.469257356414004789e+00
4.650774371063133117e+01 -7.829360797223474222e+00
4.892686578142310339e+01 -7.819094382886842887e+00
5.380498652679621330e+01 -7.569367748807822593e+00
5.778195216794970435e+01 -6.753621649068303867e+00
5.913184316968452947e+01 -6.463361087788690007e+00
4.117535171606128586e+01 -1.122992149913114091e+01
4.324495663086023711e+01 -1.030857381457963839e+01
4.601164332985967320e+01 -1.052913397943661522e+01
4.845194126393151635e+01 -1.064668452282974975e+01
5.365498583505157626e+01 -1.059476448306057073e+01
5.785765504844673757e+01 -9.166623374274013969e+00
5.918927158128924049e+01 -8.828450024180343192e+00
3.987534563321349879e+01 -1.368342226788973193e+01
4.264200345310830187e+01 -1.309432696911615501e+01
4.554947965988557002e+01 -1.312222993720830821e+01
4.814281452011500306e+01 -1.335608789933425733e+01
5.285244836098242871e+01 -1.368452392810882401e+01
5.800739850560422894e+01 -1.139018153005078027e+01
5.930210903605982509e+01 -1.096285317297488149e+01
3.899548379342567017e+01 -1.609887845586927568e+01
4.215186145189862543e+01 -1.513068823496136339e+01
4.502949362168132552e+01 -1.501905502775899670e+01
4.773892434099182225e+01 -1.521814698348002004e+01
5.065768110240166067e+01 -1.510292463238417859e+01
5.830361510860694807e+01 -1.320284654699233151e+01
5.955736364048977549e+01 -1.245097565177602128e+01
1.819466215390382402e+01 -3.649844170661929610e+01
1.801730769772690621e+01 -4.043027564975351140e+01
1.807056032013094793e+01 -4.369953818714072469e+01
1.809352013019587346e+01 -4.680202040808104869e+01
1.784625653208465224e+01 -5.062449585773914862e+01
1.570327076985664938e+01 -5.865955515079533455e+01
1.522697673279817820e+01 -5.992448681941684185e+01
1.496904693323391378e+01 -3.826503498570070860e+01
1.475854534958108566e+01 -4.122904095596930318e+01
1.507089235601957711e+01 -4.442411247345437175e+01
1.545930687310191765e+01 -4.713677650248070705e+01
1.591927576657967869e+01 -5.294210845319955183e+01
1.342896628431451056e+01 -5.797907828382260931e+01
1.309177834796330586e+01 -5.930465261549514366e+01
1.282334216374490587e+01 -3.983514430940907403e+01
1.178503960686805563e+01 -4.221490706107203295e+01
1.195230422251746560e+01 -4.504280067721487768e+01
1.212522826666850051e+01 -4.751045061192211705e+01
1.211149183479414582e+01 -5.345654247907408774e+01
1.097276019092534227e+01 -5.760058235236221691e+01
1.062732528195803106e+01 -5.893597967715381003e+01
7.574129700603632109e+00 -4.197432695001373304e+01
8.349241804923924093e+00 -4.330333693326790012e+01
9.028934585415315794e+00 -4.574322008585973975e+01
9.094069884896716971e+00 -4.814982833138339657e+01
8.981215049275903084e+00 -5.350506085995166217e+01
8.310893423801541502e+00 -5.736761468148225163e+01
7.996727951296034753e+00 -5.872505503860245568e+01
5.520303806264788449e+00 -4.231157513786661895e+01
5.766125189612560931e+00 -4.371547629375940147e+01
6.082100143976232332e+00 -4.626636578465757310e+01
5.996253817748493198e+00 -4.868035561468023076e+01
5.965549314316003660e+00 -5.345845671537984600e+01
5.483628180520937256e+00 -5.718966610277299623e+01
5.314563848261665058e+00 -5.856081839240993503e+01
2.934202137174778180e+00 -4.252776456226660429e+01
3.032359145774826015e+00 -4.397462334176006493e+01
3.126183040036037752e+00 -4.657403909943445086e+01
3.046884735452133786e+00 -4.904370327245064232e+01
2.704224532667513614e+00 -5.326040401476436159e+01
2.547590281797419198e+00 -5.691923109507909828e+01
2.722735279514439721e+00 -5.833468955155493063e+01
3.322581833091249881e-01 -4.251654716264484790e+01
3.115521400362782356e-01 -4.396654716739151780e+01
2.527816063298241600e-01 -4.655575580208558506e+01
2.527319526595445676e-01 -4.903479396195734097e+01
1.545775722580931544e-01 -5.375240631063071106e+01
-3.317266078410521790e-02 -5.676812475486739373e+01
-2.047459829911451867e-01 -5.818760313306368914e+01
-2.277596485958303330e+00 -4.229490331476173282e+01
-2.403486971907776493e+00 -4.373534874896729718e+01
-2.643343202504266465e+00 -4.626328491671664978e+01
-2.711263971352880997e+00 -4.867336218790829605e+01
-2.758695905201137499e+00 -5.307614263735751337e+01
-2.695265061429928277e+00 -5.678297115242140336e+01
-3.033282465223702040e+00 -5.814000244029090680e+01
-4.908879724946539902e+00 -4.188815738035130209e+01
-5.085853515093440969e+00 -4.330839846970675922e+01
-5.471451699250813761e+00 -4.581951585735541244e+01
-5.650896159104244809e+00 -4.820260150447563063e+01
-5.842595920672700949e+00 -5.272239152542006480e+01
-5.688309382711202566e+00 -5.666805001832670285e+01
-5.525687952204876296e+00 -5.804237954626481866e+01
-7.060211122844902931e+00 -4.138781221762647533e+01
-7.629024348344747963e+00 -4.277356221928987168e+01
-8.217073311162636173e+00 -4.521115672092743409e+01
-8.517166572370745925e+00 -4.760761190279148281e+01
-8.868052612230151510e+00 -5.237809221241607105e+01
-8.350129133059287057e+00 -5.646314372781719015e+01
-8.111315100459286498e+00 -5.782852999925171389e+01
-1.111450629041057425e+01 -3.962026533044875265e+01
-1.038218655426617154e+01 -4.176283372238195568e+01
-1.088311968552493525e+01 -4.449772193423180511e+01
-1.130295658470433828e+01 -4.689574319681089776e+01
-1.196455540767676418e+01 -5.203753038860041613e+01
-1.079541511647957641e+01 -5.629199405697560366e+01
-1.051600809761498034e+01 -5.763598461635332626e+01
-1.343563316826254805e+01 -3.813152556181772468e+01
-1.310895562929131053e+01 -4.092847646039660248e+01
-1.343648652001268928e+01 -4.383538919150255708e+01
-1.398892584392639549e+01 -4.639056138909391080e+01
-1.531146337363799503e+01 -5.119941426660578543e+01
-1.303231668090097628e+01 -5.618881662579431691e+01
-1.268212995199775150e+01 -5.751641733667727863e+01
-1.577870612018886654e+01 -3.706803431999379939e+01
-1.510559287020449659e+01 -4.028010279263393301e+01
-1.528690253441189029e+01 -4.315071872460066515e+01
-1.581387505145421102e+01 -4.585298035779492665e+01
-1.617341173504463114e+01 -4.887358647870973272e+01
-1.486555333663402401e+01 -5.629373714569251774e+01
-1.420072742881301053e+01 -5.761621822584495334e+01
-3.508393374388289487e+01 -1.654265333524104520e+01
-3.890869928669798838e+01 -1.675107214164472325e+01
-4.206657855916471078e+01 -1.735583981710334101e+01
-4.496593899164517438e+01 -1.788666841846245248e+01
-4.855363359597583894e+01 -1.801111119285561202e+01
-5.659049431230070581e+01 -1.736580566388289881e+01
-5.792814534169276897e+01 -1.712180035861026894e+01
-3.702435884368507146e+01 -1.352727372433136743e+01
-3.990089577422789091e+01 -1.369343773455160296e+01
-4.298156051715060499e+01 -1.446697648613969633e+01
-4.559714286795659888e+01 -1.526024388248394459e+01
-5.119092184165626946e+01 -1.636292729352528141e+01
-5.637232686114153779e+01 -1.491570490704393137e+01
-5.774887990312257813e+01 -1.482348250031965620e+01
-3.884255010403150266e+01 -1.148425442098445082e+01
-4.116848906357331117e+01 -1.085305573182789018e+01
-4.392825963386937360e+01 -1.151881777214832070e+01
-4.636834886149321022e+01 -1.202752953046872264e+01
-5.230376685889640953e+01 -1.283261323752798866e+01
-5.640333991232099464e+01 -1.235370351845609349e+01
-5.777958179916537773e+01 -1.218988113491990077e+01
-4.125387733254078171e+01 -7.117195630453468702e+00
-4.254263125881054464e+01 -7.913799808984442130e+00
-4.494899854626385149e+01 -8.747093011485414848e+00
-4.736571952975444333e+01 -9.089831808358230347e+00
-5.272634258506755600e+01 -9.729335651424712239e+00
-5.653107944182990963e+01 -9.582354063078792450e+00
-5.792226534420974104e+01 -9.365122423213524172e+00
-4.184886207386587387e+01 -5.047116815589211214e+00
-4.324009096270054897e+01 -5.386286369965645804e+00
-4.577020952685732169e+01 -5.897327701732633543e+00
-4.817885436403801691e+01 -6.146999768066469194e+00
-5.301929097427949955e+01 -6.719808631958800405e+00
-5.667193194683262192e+01 -6.624853897958616677e+00
-5.805877091223413089e+01 -6.767709423255026557e+00
-4.231425155865832011e+01 -2.502453554570653882e+00
-4.374876487693551752e+01 -2.737735116452772122e+00
-4.633021639866417729e+01 -3.069876335658527466e+00
-4.880367850152919118e+01 -3.270365164246398670e+00
-5.319323716069290953e+01 -3.426616075642953785e+00
-5.669227907606981631e+01 -3.591556540349630566e+00
-5.809332797546278471e+01 -3.874463879768219154e+00
-4.252444831337781039e+01 7.633835241064867994e-02
-4.396983124318263947e+01 -6.455531951196982754e-02
-4.656553169182142682e+01 -2.658426143878946935e-01
-4.902548701726357194e+01 -4.915203481481424941e-01
-5.381197739631912924e+01 -9.133343460773734046e-01
-5.676189230919425910e+01 -9.763421246918461138e-01
-5.817986638169677605e+01 -1.160207779485600721e+00
-4.249080816788266901e+01 2.654326608318431813e+00
-4.393955546614033381e+01 2.613955570813195628e+00
-4.651047840837246383e+01 2.583585976976203291e+00
-4.893647305831454730e+01 2.425393780657877141e+00
-5.333790345824773738e+01 2.058364681070669278e+00
-5.697247742032927675e+01 1.769052155354630118e+00
-5.833066324451100826e+01 2.171590188808536936e+00
-4.224120383687395730e+01 5.254254799142755061e+00
-4.367459016529351601e+01 5.274899267897072974e+00
-4.623069538676759294e+01 5.435345880434047316e+00
-4.864768957563636320e+01 5.381459823557805500e+00
-5.315564678502884988e+01 5.229461537872782451e+00
-5.704105258318060834e+01 4.750939912186892045e+00
-5.840724716854473542e+01 4.564366734899046207e+00
-4.182524616588278832e+01 7.443947746406815114e+00
-4.326732264836402209e+01 7.827091574850422617e+00
-4.577238253463256257e+01 8.225735215144847956e+00
-4.818804268384074874e+01 8.314152694010536138e+00
-5.293191704071470838e+01 8.291010582521941785e+00
-5.698645790755792007e+01 7.446276869029889056e+00
-5.833522212179348543e+01 7.129459296189561535e+00
-4.028462512004276164e+01 1.131899697114095815e+01
-4.236955823842995272e+01 1.054814314791357965e+01
-4.515208158705043218e+01 1.090990572891952048e+01
-4.759524688851407603e+01 1.114205810539057317e+01
-5.265027148198922191e+01 1.139774009382467668e+01
-5.694305612680728501e+01 9.931179564066894727e+00
-5.825677037499345801e+01 9.550798383033990646e+00
-3.875350074239180742e+01 1.378123996120081785e+01
-4.161558059523029129e+01 1.329904458045720794e+01
-4.455790218860295226e+01 1.346539822519959628e+01
-4.716879472450592203e+01 1.384179262902823027e+01
-5.191998090300836566e+01 1.483004954937127096e+01
-5.693595789465523893e+01 1.218707370553367397e+01
-5.824162738908500359e+01 1.175718529448341165e+01
-3.770042537738545718e+01 1.616474974488579264e+01
-4.098202678676967281e+01 1.531599776120392953e+01
-4.389949792532177497e+01 1.533207082454647896e+01
-4.665797624787717268e+01 1.567909190410884079e+01
-4.966945238578212241e+01 1.582744322502400536e+01
-5.713741115647012236e+01 1.401337491569513283e+01
-5.841513216523404850e+01 1.326981939541863476e+01
-1.816543311664506888e+01 3.532159965491322140e+01
-1.852295010318459489e+01 3.915580662506113185e+01
-1.902880797126845280e+01 4.237948252704034502e+01
-1.945753451963721403e+01 4.533358036572110450e+01
-1.961222108584180290e+01 4.873453962386982852e+01
-1.904147305534575807e+01 5.676810355661594087e+01
-1.881975732005717106e+01 5.809798075954465446e+01
-1.513950180930218536e+01 3.728047453011328116e+01
-1.532859645436737139e+01 4.023697926215260168e+01
-1.611785975368490398e+01 4.335288408835329221e+01
-1.690174150048387958e+01 4.598660554833208636e+01
-1.807177032747067358e+01 5.125494358721628885e+01
-1.660768986795621061e+01 5.656562460039062756e+01
-1.652846289374718936e+01 5.793429204705872593e+01
-1.320481583258136205e+01 3.908231770554039031e+01
-1.249139293975302678e+01 4.149956664161107511e+01
-1.311100510147104892e+01 4.429795360682186356e+01
-1.363767009209724179e+01 4.674259125055235131e+01
-1.447210071190623459e+01 5.230746709438029995e+01
-1.406138085058102050e+01 5.662267256722292785e+01
-1.392038968406321331e+01 5.799763999296880712e+01
-8.471112613723084550e+00 4.172677870410252154e+01
-9.357445989348711635e+00 4.297308033880842970e+01
-1.029496158720147925e+01 4.533854491836036260e+01
-1.070366304102925348e+01 4.774239101958960418e+01
-1.137798581168820000e+01 5.282267503928592589e+01
-1.136104017253656195e+01 5.680651719297017621e+01
-1.124452988966228340e+01 5.819782129341220411e+01
-6.459417295475662790e+00 4.232710586554966170e+01
-6.845510605768200918e+00 4.369891147666389486e+01
-7.419545812379108263e+00 4.620090047596149674e+01
-7.739494277582685378e+00 4.859403893199282010e+01
-8.393136563170477515e+00 5.326797331548654313e+01
-8.440838395258740690e+00 5.703455039177289621e+01
-8.564813504313677939e+00 5.841703005745234378e+01
-3.928049397479687066e+00 4.285213335550447056e+01
-4.184019759043745346e+00 4.428133113909283480e+01
-4.554467482368115050e+00 4.684497199946637380e+01
-4.847370436246301040e+00 4.928881100890286859e+01
-5.180240983396973142e+00 5.362189982656558840e+01
-5.505802631426795379e+00 5.718449525311829973e+01
-5.872722934835310937e+00 5.856153166910483776e+01
-1.337711683752196290e+00 4.315672912997940358e+01
-1.494598698900200473e+00 4.459900086352526216e+01
-1.742504169876877951e+00 4.717596803508442349e+01
-2.059692243606196183e+00 4.960120077146543593e+01
-2.638866550347761297e+00 5.437201512694412742e+01
-2.909247079525580038e+00 5.738936946294295183e+01
-2.966543945696600737e+00 5.881348594279894115e+01
1.269124775213063661e+00 4.324465865905506945e+01
1.201698599955582925e+00 4.469245417623464789e+01
1.099052887100589571e+00 4.724001744392669622e+01
8.678051891476693536e-01 4.963246019440478563e+01
3.485412867176925777e-01 5.409755915058979525e+01
-1.977074660182511490e-01 5.772482700797453248e+01
-1.097742987345830951e-01 5.912085546003655878e+01
3.905528002627988382e+00 4.313156674494366882e+01
3.895500644107745991e+00 4.456722857669525695e+01
3.941365758785524420e+00 4.711729615645213443e+01
3.807770941655601593e+00 4.948730418270373832e+01
3.418464391373102540e+00 5.417067313958322927e+01
2.673731374708266273e+00 5.799337902568227321e+01
2.390768762502570421e+00 5.934261410123685465e+01
6.111168479057894842e+00 4.285127307246062145e+01
6.475123659523365660e+00 4.430254616503086140e+01
6.730288922324001888e+00 4.681536835045434231e+01
6.702002977610509227e+00 4.921313952840149852e+01
6.428053722524144753e+00 5.422388004100596248e+01
5.350205904696223591e+00 5.815948101376834956e+01
4.929905033031491968e+00 5.947594241668328863e+01
1.025109808768025665e+01 4.147338053004798297e+01
9.296172115978635020e+00 4.355392113689770639e+01
9.439392764634936484e+00 4.634937549608975615e+01
9.536176253293710658e+00 4.880321108748454861e+01
9.449769396963930035e+00 5.421352851232423120e+01
7.771432678608391598e+00 5.828006692209884676e+01
7.360282670487214851e+00 5.959728131249643468e+01
1.268488433269517834e+01 4.018082062063048454e+01
1.208389335240422824e+01 4.298320264053700157e+01
1.207223963927416932e+01 4.593911223820872891e+01
1.227325863383602922e+01 4.855324491842606704e+01
1.255382326606269139e+01 5.336913187208674003e+01
9.979280537163457865e+00 5.848359426108245174e+01
9.498013595639596574e+00 5.976262918830525450e+01
1.509569785747164694e+01 3.924906411837999087e+01
1.412040590658043016e+01 4.250850850466152053e+01
1.397699748899131933e+01 4.544532618024769732e+01
1.413684554875347565e+01 4.819489955808911219e+01
1.396810969669235192e+01 5.116789855428067568e+01
1.178393782728948658e+01 5.884517842938091547e+01
1.097460206100668145e+01 6.006264223971364657e+01
-4.145591615661984974e+00 -2.066388246894318659e+00
-2.005879181113780607e+00 -9.694303177319034681e-01
2.881549185926324599e-02 1.029386659844047536e+00
2.110799864315044072e+00 8.955539760962412110e-01
8.831149787043463206e+00 7.593125865161654886e+00
6.790574972376350438e+00 6.889374579134083909e+00
5.094777062576405946e+00 4.635180287149372802e+00
3.912538732138257647e+00 2.703208419965259957e+00
8.128983534094443186e+00 1.048282382166878079e+01
1.000858143214353646e+01 9.672301385849626953e+00
1.347245838898758308e+01 1.251764975843542516e+01
1.495671204230113283e+01 1.276368215969701403e+01
8.256067114328661916e+00 1.646903015370105905e+01
1.221823650791138327e+01 1.478474857990809355e+01
1.546291830392036104e+01 1.561918905080110598e+01
1.539473198018259836e+01 1.422204888862182592e+01
2.234980684552080987e+01 1.607593828777646650e+01
2.032365002005934329e+01 1.742570918266545377e+01
1.779695494890928842e+01 1.758685966062695982e+01
1.661747058700001745e+01 1.657911237069323818e+01
2.512590067670471328e+01 1.739214974856382412e+01
2.244072252444259519e+01 1.852064752201555109e+01
2.016132515673009706e+01 1.933330459757455699e+01
1.843783676407281646e+01 1.896026288043752572e+01
2.765211070313391417e+01 1.887136458630039826e+01
2.507388303375196514e+01 2.000479542853469894e+01
2.266431220381303646e+01 2.097623542491454174e+01
2.092955123202571244e+01 2.094125856743007219e+01
2.999220472504733337e+01 2.009255362517478716e+01
2.791831011645348326e+01 2.143964749461922281e+01
2.511002419312847422e+01 2.230155509296502458e+01
2.347100919973069821e+01 2.254933670528893686e+01
3.312009048248664556e+01 1.988611112673413572e+01
3.064582445629412533e+01 2.201359303396661460e+01
2.767102077826201167e+01 2.347010867399171730e+01
2.525935809301810764e+01 2.364056466349933316e+01
3.575660082206879764e+01 2.180559977121885851e+01
3.826501690343413031e+01 2.583895915937700494e+01
3.903296958944977035e+01 2.940346457261122737e+01
3.902141372872958414e+01 3.133040302018963885e+01
4.050237860585199456e+01 3.326295717756931225e+01
4.170720210037440978e+01 3.565454751912079701e+01
4.303115176790512209e+01 3.796726661327402041e+01
3.873026323583918185e+01 2.300609915255464699e+01
4.017447081154265476e+01 2.537464827578229176e+01
4.037066444628558060e+01 2.756649749654442871e+01
4.069551329399230610e+01 3.120346509281859682e+01
4.205450824753734196e+01 3.406441445061427942e+01
4.319193971793156095e+01 3.646570344486304549e+01
4.428746320299753592e+01 3.842133349626186600e+01
4.476908729897697015e+01 3.965399623799515183e+01
4.158116891234812584e+01 2.332528877034905435e+01
4.235007753760871196e+01 2.613911456911584352e+01
4.323692178640342831e+01 2.868173675326353944e+01
4.422923009726201826e+01 3.188871703726874784e+01
4.492275995791015220e+01 3.433172374021571471e+01
4.574227373019981258e+01 3.688444641899441478e+01
4.625274570903562221e+01 3.939026483053869754e+01
4.700119050688646638e+01 4.085664731378329151e+01
4.396711162223328984e+01 2.418624779750867759e+01
4.458883401078544040e+01 2.702207570775869883e+01
4.582970891815180181e+01 3.013821531193719139e+01
4.599525648062829930e+01 3.274242540459187722e+01
4.695813749421223093e+01 3.510487347110059630e+01
4.778131422514761084e+01 3.777571448398616383e+01
4.831675235750913089e+01 4.039631745839872679e+01
4.915746488381859791e+01 4.162359297079063936e+01
5.202261694405141412e+01 2.265463459250440081e+01
5.295456898465562290e+01 2.766913197708816341e+01
5.368827428118700595e+01 2.982452577195898868e+01
5.373902961014425728e+01 3.243120692223623536e+01
5.446115851141311737e+01 3.591395748408304911e+01
5.484801996874052321e+01 3.880211627488381509e+01
5.381961883609702824e+01 4.103738994966415277e+01
5.294115389449770959e+01 4.221496713408179602e+01
5.496495207175042452e+01 2.189412183546532376e+01
5.458762415745195540e+01 2.500921868046203400e+01
5.514953279655801310e+01 2.791294032293877336e+01
5.605250014143909709e+01 3.055257135525645040e+01
5.704826617895132301e+01 3.314867455127484419e+01
5.774330942709097059e+01 3.555462080266535452e+01
5.804454613827392251e+01 3.743368636579654662e+01
5.887366844442446734e+01 3.818215113406533590e+01
5.579549569837978140e+01 2.036956464442948445e+01
5.531754905152179447e+01 2.369439311809099991e+01
5.551465994394237669e+01 2.616791272765976473e+01
5.639994280178543562e+01 2.903308628130880464e+01
5.733882089118574754e+01 3.166759897409613700e+01
5.822846210746040896e+01 3.411264472346916676e+01
5.883493987711044326e+01 3.646003384301949524e+01
7.768955461369086990e+00 -8.320525915785392357e+00
7.252340875446449786e+00 -6.262697094023942590e+00
5.545881803638759600e+00 -4.130486558513892348e+00
4.090336016250539330e+00 -2.413291427942904299e+00
8.723747710486913221e+00 -1.051486361103509992e+01
1.010400896308394358e+01 -8.735958373321183856e+00
1.480025365177476893e+01 -1.267856529775347951e+01
1.626463695337906046e+01 -1.247953351578847681e+01
9.272308878937064236e+00 -1.676914916436107106e+01
1.412180649483127404e+01 -1.628929938948868639e+01
1.673265048887494544e+01 -1.540324044072699294e+01
1.673376583396836992e+01 -1.392385343634951589e+01
1.572937888126766737e+01 -2.207554659882599069e+01
1.713238840632272186e+01 -2.015492478781116148e+01
1.799328900652993113e+01 -1.779723745226327125e+01
1.796849834945586366e+01 -1.622900353633854564e+01
1.732152758776739176e+01 -2.510892177106617851e+01
1.837924215846339493e+01 -2.242967220654822924e+01
1.938061465864192101e+01 -2.021978448330070322e+01
1.940577830816051730e+01 -1.849596156934273949e+01
1.879650721756891940e+01 -2.774347166186520397e+01
1.989167131721087856e+01 -2.515490862501914293e+01
2.091082970359346760e+01 -2.277125140911747536e+01
2.095417623718891420e+01 -2.102600205429036251e+01
1.999742543026664165e+01 -3.012780234830912107e+01
2.131644888601701027e+01 -2.805982935951896096e+01
2.218682410247659220e+01 -2.526181839084199510e+01
2.247261840378886077e+01 -2.362884879193528676e+01
1.979613209301678367e+01 -3.332218038193934007e+01
2.188470060638250203e+01 -3.071183819022710537e+01
2.329066138223116766e+01 -2.779022768072491445e+01
2.351482594765714040e+01 -2.541096430441173482e+01
2.147266888184146794e+01 -3.650881841847065346e+01
2.537591446074786816e+01 -3.962739685799307665e+01
2.887699350228946571e+01 -4.098605693494705804e+01
3.078184694275874733e+01 -4.132508243698852368e+01
3.245867635806624918e+01 -4.311849867970380501e+01
3.458375638761268078e+01 -4.476527529224510715e+01
3.662177141905851840e+01 -4.650937037578575683e+01
2.243590119065706290e+01 -3.963475384832729276e+01
2.466180488939260584e+01 -4.139464327306501445e+01
2.681367235411003946e+01 -4.193940777974634670e+01
3.037401847202866989e+01 -4.292877682464526146e+01
3.294357927180541168e+01 -4.479160690522936505e+01
3.509491038168811627e+01 -4.638129346328710767e+01
3.678079568534784016e+01 -4.788671761298037666e+01
3.792764825146358021e+01 -4.869060192594756842e+01
2.234960855221707732e+01 -4.251857136992561692e+01
2.506942655616022364e+01 -4.363878034876277923e+01
2.743031171783488986e+01 -4.491985817979487905e+01
3.040071789376679945e+01 -4.640368373936090762e+01
3.262398440966887847e+01 -4.759071227316297126e+01
3.494017661009367259e+01 -4.894747827465169365e+01
3.724992755228929298e+01 -5.005159074972819155e+01
3.847287178574951838e+01 -5.121424812858705877e+01
2.266566905321647951e+01 -4.505352541905084962e+01
2.549663238435635648e+01 -4.601737495084761775e+01
2.829337933070016931e+01 -4.765719540968593293e+01
3.083768641918773312e+01 -4.831217019347256780e+01
3.286709776834040042e+01 -4.974926344294426173e+01
3.527142393614293781e+01 -5.117121915289394707e+01
3.761436153924818626e+01 -5.231597567220858025e+01
3.863668272449167063e+01 -5.330274111316163044e+01
2.075488353327738622e+01 -5.017042220857393886e+01
2.451227669216073579e+01 -5.374676230632837814e+01
2.558536709460260283e+01 -5.546276479969629492e+01
2.871858174044771417e+01 -5.530646697256090505e+01
3.161968812217815028e+01 -5.652693669898459916e+01
3.404966177039410269e+01 -5.756608246296539733e+01
3.635821507586220491e+01 -5.829873523909326138e+01
3.775075616722477889e+01 -5.864776052434715581e+01
1.863731767135753259e+01 -6.026016029054850520e+01
2.149234148373734143e+01 -6.044338433333444982e+01
2.394319064544265885e+01 -6.050231323840325359e+01
2.630865714635105235e+01 -6.097678593984606010e+01
2.874456028772310390e+01 -6.168689505220351776e+01
3.119108065217886505e+01 -6.207490425739098328e+01
3.319583265034473385e+01 -6.202624163442339267e+01
3.431140905581920464e+01 -6.235327929401419311e+01
1.714742145350994917e+01 -6.037539589317169941e+01
2.019218403240819981e+01 -6.094454468362183519e+01
2.263501869150759305e+01 -6.120057264040411837e+01
2.498279733719749984e+01 -6.153772342455540922e+01
2.734755730605489887e+01 -6.207023257082252599e+01
2.983724008801587146e+01 -6.262943492592982864e+01
3.231844512536925862e+01 -6.284188725044321444e+01
-7.327035678264739005e+00 -6.587270736080870215e+00
-5.396544871157346712e+00 -5.792494379803916793e+00
-2.945066124237484928e+00 -4.663723405125728583e+00
-6.368036648382314757e-01 -3.267481885425959298e+00
-9.755549904169434683e+00 -7.469877039500401494e+00
-8.033482281433792949e+00 -8.938379967520475589e+00
-1.126883532653257980e+01 -1.288171135028280823e+01
-1.119434293022400162e+01 -1.437753119183478212e+01
-1.672723031649612935e+01 -7.423841709669466660e+00
-1.507680445852627926e+01 -1.215582615859992544e+01
-1.412654788319559707e+01 -1.477301119772078586e+01
-1.264587528654363346e+01 -1.481304091278885515e+01
-2.083624662005017214e+01 -1.360013657575914614e+01
-1.891973022817556682e+01 -1.502478846543290558e+01
-1.654823224396176329e+01 -1.596913300578120598e+01
-1.497901819864364903e+01 -1.599253673165818945e+01
-2.384127489516635023e+01 -1.526658943829946580e+01
-2.117942877147292080e+01 -1.630901556705940081e+01
-1.897881914085206034e+01 -1.731811482270507341e+01
-1.726272492864197972e+01 -1.737308938820493509e+01
-2.645492265179769475e+01 -1.678615498101500947e+01
-2.386765611870402282e+01 -1.786363025580192954e+01
-2.148997125907606076e+01 -1.886259340777569449e+01
-1.975271461977066068e+01 -1.889831015085714938e+01
-2.878412554701380799e+01 -1.807650926030014560e+01
-2.672043194631556062e+01 -1.935149840031648338e+01
-2.394725331345953023e+01 -2.018452232418841064e+01
-2.231423981835672876e+01 -2.044076766277180468e+01
-3.190006780018164889e+01 -1.800725759536956971e+01
-2.939081925152070696e+01 -1.999556660979699885e+01
-2.646386278376792944e+01 -2.136721380075261578e+01
-2.408320865499781149e+01 -2.152610788958540056e+01
-3.474177142563139142e+01 -1.992887012269195424e+01
-3.742786466920352240e+01 -2.398044332349731533e+01
-3.835804077945054047e+01 -2.751069307378218909e+01
-3.842795752863214176e+01 -2.942192276028622189e+01
-3.997004580331975632e+01 -3.130162569458928346e+01
-4.114565756304409661e+01 -3.361804867107997552e+01
-4.230119717498093479e+01 -3.591183495409624982e+01
-3.778734245616170995e+01 -2.112697371352372855e+01
-3.930221527015689276e+01 -2.347804488377802201e+01
-3.960462663497793301e+01 -2.565084519752457126e+01
-4.009106781166222788e+01 -2.925094304894762942e+01
-4.154731520668394751e+01 -3.204743697084505527e+01
-4.261309652865535469e+01 -3.441655275143789083e+01
-4.360247565237423117e+01 -3.636702886384204447e+01
-4.398725916816140113e+01 -3.769874061734573445e+01
-4.066814997106499874e+01 -2.134526097727580662e+01
-4.152057945951514029e+01 -2.414951014399260742e+01
-4.254224300065230580e+01 -2.664268692569415364e+01
-4.375473957080568965e+01 -2.993306545536172081e+01
-4.445520448066775998e+01 -3.230014611685646031e+01
-4.515466214679593548e+01 -3.488058062166705753e+01
-4.547458784396349074e+01 -3.738142341854511841e+01
-4.611491372270513978e+01 -3.890867206429388858e+01
-4.316116674274476850e+01 -2.198103690782085096e+01
-4.391487812608839647e+01 -2.481479069075565391e+01
-4.548958580521528461e+01 -2.813840258889304025e+01
-4.568304411598795411e+01 -3.072184028140572210e+01
-4.663564555769013964e+01 -3.299149807271619039e+01
-4.732276071996545141e+01 -3.580541086837106945e+01
-4.744916442824921887e+01 -3.834157451905036140e+01
-4.773001936445012205e+01 -3.965759494843845800e+01
-4.779356618669569201e+01 -2.102844771682777392e+01
-5.099926098810208686e+01 -2.457924612646147722e+01
-5.253459638051531755e+01 -2.611640621399268269e+01
-4.997265087442233522e+01 -3.056581007685364426e+01
-5.096299921650442855e+01 -3.419373374083772177e+01
-5.209481899137698946e+01 -3.707923997069616462e+01
-5.424831334582600562e+01 -3.826997382404361048e+01
-5.563531423790028185e+01 -3.855386381949276853e+01
-5.745132760889394774e+01 -2.056716591653390580e+01
-5.678798509842101794e+01 -2.336558510615718731e+01
-5.609971341724492788e+01 -2.574300819128670526e+01
-5.615599098022827462e+01 -2.813744899698517798e+01
-5.663447946618601492e+01 -3.073438302145136447e+01
-5.706544140996313530e+01 -3.318814889357396680e+01
-5.721816881103854513e+01 -3.527661070682466971e+01
-5.731783537883154622e+01 -3.650587475791338221e+01
-5.794610111305782851e+01 -1.913247224640255695e+01
-5.767979527594044953e+01 -2.226125748178772312e+01
-5.724628413166158936e+01 -2.466334312862311862e+01
-5.700973986622307166e+01 -2.696366226721924875e+01
-5.714150916691757942e+01 -2.935027242700340722e+01
-5.756576647939989755e+01 -3.182672985631992546e+01
-5.784282373044120362e+01 -3.426012415976675385e+01
-6.254950607791476713e+00 8.342912880204433890e+00
-5.778859071219120125e+00 6.234707852228953406e+00
-3.735668850860085488e+00 4.376692436620289506e+00
-1.556014181755106529e+00 3.478539546292933604e+00
-7.047858887616711421e+00 1.067441559890435343e+01
-8.585763931633135115e+00 8.949085274469984697e+00
-1.259907139580747071e+01 1.182982983031417845e+01
-1.407173139957520291e+01 1.170609984848384144e+01
-7.283072562036925213e+00 1.717494729660721475e+01
-1.238363527431077138e+01 1.577711623661634910e+01
-1.475823968337054737e+01 1.456389313080127756e+01
-1.464761342340855066e+01 1.309213184050863177e+01
-1.419996348306413658e+01 2.136441838846026897e+01
-1.539507355808225242e+01 1.926124151873855439e+01
-1.613503378075077421e+01 1.685479767773893656e+01
-1.604411670394435063e+01 1.529690584758840544e+01
-1.611699736695972263e+01 2.421766221911071071e+01
-1.686397461824762090e+01 2.143899717870489852e+01
-1.766118009771161113e+01 1.914243783273190047e+01
-1.759317330868130114e+01 1.743242461059883297e+01
-1.785970062341012365e+01 2.667419534364304923e+01
-1.862483708354543666e+01 2.397563026059643576e+01
-1.938720542378880651e+01 2.149686464756771898e+01
-1.928818400724654225e+01 1.976717071876094067e+01
-1.929787210816649434e+01 2.891157231787414972e+01
-2.035004347861501728e+01 2.671678787415535439e+01
-2.089356733446092207e+01 2.383628148683025572e+01
-2.100864431817407763e+01 2.217441775154419403e+01
-1.947049716130034014e+01 3.205433282902534842e+01
-2.121158265139897026e+01 2.933815998195550279e+01
-2.227429077875836327e+01 2.625298638017945763e+01
-2.222257408212961138e+01 2.385511807642840409e+01
-2.143822833316916032e+01 3.495183918949365420e+01
-2.555848732400248480e+01 3.763502342482818364e+01
-2.898879939607201095e+01 3.849344797753606429e+01
-3.090317514715201241e+01 3.854381087810765649e+01
-3.276814561572228968e+01 4.003128569552669092e+01
-3.506862274642740118e+01 4.115447421469561817e+01
-3.738009721192501189e+01 4.227527907305055521e+01
-2.271544180183296646e+01 3.799172322435819638e+01
-2.504740669038363166e+01 3.949533626765366989e+01
-2.720064362084879761e+01 3.975908761672343417e+01
-3.073558255001767492e+01 4.020301950744570973e+01
-3.351588884440104721e+01 4.160771805813481450e+01
-3.589587584144162236e+01 4.262086287480335756e+01
-3.786727903315625099e+01 4.356115761101397510e+01
-3.920923456548849373e+01 4.391577552433292908e+01
-2.294163414175065085e+01 4.088002483065651660e+01
-2.572817122652813282e+01 4.171003925434495585e+01
-2.822552319245400199e+01 4.270745464557862192e+01
-3.145295413783183491e+01 4.387419145335535831e+01
-3.383214778240903087e+01 4.452059342631368111e+01
-3.642607590971086040e+01 4.515826505722157691e+01
-3.893367261799559742e+01 4.541623129599274478e+01
-4.047650460552374341e+01 4.600890294164140926e+01
-2.358747350340668092e+01 4.338578500038198626e+01
-2.641106799618027878e+01 4.409658532998903269e+01
-2.974490714420154447e+01 4.562998513643128717e+01
-3.230165787797072596e+01 4.578146342360064835e+01
-3.460337596251449099e+01 4.668834432655924616e+01
-3.743274522089891576e+01 4.729221048770074276e+01
-3.995186213846091050e+01 4.736843686771810980e+01
-4.127693562758254586e+01 4.760141139916110120e+01
-2.268294029595616834e+01 4.796884226355896175e+01
-2.634758476715326836e+01 5.125504331787107759e+01
-2.793909164160413994e+01 5.269825408502911301e+01
-3.234788285051639178e+01 5.005451307523340887e+01
-3.601616987490513822e+01 5.102043854343424556e+01
-3.895230661072798739e+01 5.199897641430600004e+01
-4.024020942841700332e+01 5.407629074190468543e+01
-4.059690172029912958e+01 5.546463617193819573e+01
-2.235178360689728549e+01 5.758009108367303241e+01
-2.519179497802707601e+01 5.685937440255015929e+01
-2.759048095725480820e+01 5.612836107545215469e+01
-3.000409834526926289e+01 5.615318156907861891e+01
-3.265967778517211428e+01 5.658540355990450621e+01
-3.512540428671691473e+01 5.698475468235871233e+01
-3.719613817445996773e+01 5.711973663155924186e+01
-3.842393238820293533e+01 5.727067282955961502e+01
-2.088372582773827801e+01 5.806396722700321789e+01
-2.406434006490459510e+01 5.775175350724522616e+01
-2.651583991697327747e+01 5.727853308801120136e+01
-2.882712163658817417e+01 5.700594421444716886e+01
-3.126240756105053720e+01 5.710309563365214558e+01
-3.377786313877842161e+01 5.750210150336862824e+01
-3.619640175173722696e+01 5.777797512477017960e+01
5.260632592865120216e+01 4.090049537173577221e+01
5.312020336830300948e+01 3.941639375962273562e+01
5.350492521185233841e+01 3.731570022285393406e+01
5.307280902546059309e+01 3.469063920424422065e+01
1.557543751135777477e+01 5.446619505291482000e+01
1.406840701040991526e+01 5.427974656753035987e+01
1.113483525151043452e+01 5.414904429929078589e+01
8.013785735928443899e+00 5.407121806881708181e+01
4.955713194471425886e+00 5.399294778206407130e+01
1.985331130133767052e+00 5.391636719415102164e+01
-1.391093026231854379e+00 5.369695223561956965e+01
5.235318014724271052e+01 3.142011076078904708e+01
1.503716401198698627e+01 5.323408014617547934e+01
5.451179811415338605e+01 4.232722136320531092e+01
5.550720928828675227e+01 4.128583409843538021e+01
5.622941196302028999e+01 3.994210888954597749e+01
6.092976800022974970e+01 2.759416976663921872e+01
6.097045347963749862e+01 2.564175742646824574e+01
6.110395543328048262e+01 2.404021864884442650e+01
5.250232849162696880e+01 1.324884659098835549e+01
5.270877108381489506e+01 1.104406664179043496e+01
5.304017990413527173e+01 8.096784421059455283e+00
5.330701018180128159e+01 5.268947682718273740e+00
5.349724852214124127e+01 4.747513208095339721e-01
5.990741516625158880e+01 2.663214426955620695e+01
5.991997135406328567e+01 2.462537805836292648e+01
3.727213916171385222e+01 -5.734135125202830352e+01
3.578249759785292383e+01 -5.669907711158563046e+01
3.336940471612393821e+01 -5.584646417940604834e+01
3.078595957552910889e+01 -5.482189997761770428e+01
5.390418869131841006e+01 -1.673226116489167126e+01
5.373091340488108614e+01 -1.522200805211366692e+01
5.360860747709278940e+01 -1.226356639587761777e+01
5.359966666528194423e+01 -9.120306086320525196e+00
5.364066419032417343e+01 -6.099987068874215268e+00
5.365899321497197860e+01 -3.152585728669790921e+00
2.720180714477834627e+01 -5.433397192913209750e+01
5.268238624991836616e+01 -1.618489723004197955e+01
3.672969876109811338e+01 -5.953284092318146747e+01
3.512351139233521025e+01 -5.915993059976761970e+01
3.240408264058205390e+01 -5.806515396980574906e+01
2.972165808623509875e+01 -5.708459620064594731e+01
2.063266801556534347e+01 -5.413354219996431027e+01
1.844879132866026339e+01 -5.368405700695502247e+01
1.387087333244540055e+01 -5.325533921829774187e+01
1.057064609910654340e+01 -5.322732278485651847e+01
7.484577411041323458e+00 -5.321107796719083893e+01
4.612175060072597255e+00 -5.314043032397768229e+01
-9.572305737726261032e-01 -5.289649761392399085e+01
2.297630953073283422e+01 -5.451241206580095167e+01
1.989233156495672006e+01 -5.295081894338166961e+01
-5.449995948110272082e+01 -3.970457642857623171e+01
-5.304549512669937883e+01 -3.952789632575289147e+01
-5.164954329852992743e+01 -3.900436021965849420e+01
-2.174623899715323461e+01 -5.157349893721320200e+01
-1.986947328561223358e+01 -5.146953932964392209e+01
-1.746052687649685708e+01 -5.165165669704673945e+01
-1.370284542648780679e+01 -5.183219041665536508e+01
-1.045697670012633651e+01 -5.208815532545110472e+01
-7.374683499500190642e+00 -5.239433835514799398e+01
-4.375760243354751999e+00 -5.271130035074966003e+01
-2.086001171952994326e+01 -5.063741575209669321e+01
-1.858371998836342698e+01 -5.074298707861613877e+01
-5.487268393760857066e+01 -3.736252277477845496e+01
-5.362793776395283629e+01 -3.652817183468156514e+01
-5.227219466829012617e+01 -3.501038239621042436e+01
-5.137483758410287038e+01 -3.233034828778307457e+01
-5.154512764998965935e+01 -2.086561577811468027e+01
-5.147894090844705772e+01 -1.866795461994292893e+01
-5.178847891162330797e+01 -1.448609514798580200e+01
-5.223210232661154606e+01 -1.128113665915224573e+01
-5.260415898950903824e+01 -8.234772291778407194e+00
-5.284971192782759175e+01 -5.313733203109273440e+00
-5.304907757399167423e+01 2.634428812787837360e-01
-5.144644313289094839e+01 -2.296571541231476843e+01
-5.051265459536649161e+01 -2.006153737752229560e+01
-4.168220735778290731e+01 5.429710009300976026e+01
-4.145054763162369937e+01 5.284087025899258094e+01
-4.087156183073712157e+01 5.146916218308531654e+01
-5.258053951681145577e+01 2.121581368897190956e+01
-5.240649536103413197e+01 1.934932552427466490e+01
-5.250118948525834384e+01 1.694483352192649761e+01
-5.253046527921383557e+01 1.314181240930403760e+01
-5.269631097035964729e+01 9.898248831398943182e+00
-5.290767936445857345e+01 6.770762529241320493e+00
-5.305735484524876000e+01 3.726695130352620122e+00
-5.160948136738389991e+01 2.036875789064556130e+01
-5.162529353894606743e+01 1.809547928904085623e+01
-3.939365812738105888e+01 5.478936611917187349e+01
-3.850490165146283061e+01 5.356260133675330337e+01
-3.694971461914430932e+01 5.226470949573391778e+01
-3.415923227521695793e+01 5.141319810503862442e+01
-2.261243621265968784e+01 5.168848722369265403e+01
-2.040936919706837571e+01 5.162325627842920284e+01
-1.616169004252811092e+01 5.189930574341043013e+01
-1.290548528924290039e+01 5.236229626140979576e+01
-9.855015825265841301e+00 5.281224106636570070e+01
-7.008648338745534723e+00 5.318593387920250848e+01
-2.470857974103580190e+01 5.158072729664260692e+01
-2.177571718397856770e+01 5.067906803481034927e+01
-1.535510386195428900e+00 1.041053351081274947e+01
4.950066224054934239e-01 1.641588339134115060e+01
5.889660198375153755e+00 1.106505694921033367e+01
-8.844043343904709475e-01 1.273803241144024412e+01
4.421861198531432890e+00 1.662599341946132725e+01
1.480687010387598646e+00 1.747837356133369369e+01
6.589413263239042529e+00 1.765848912770539059e+01
5.047974231148119273e+00 1.833440732360423553e+01
3.124302746646658413e+00 1.879766972764657851e+01
1.440004599948664143e+01 2.773697743643527147e+01
1.343952512880038164e+01 2.893689064552195944e+01
2.356467490917282692e+00 1.585378230755261875e+01
1.516019133333199953e+01 2.978935966882665554e+01
1.415448839386637125e+01 3.058075582379717616e+01
1.546520770923892307e+01 3.206264220646030338e+01
1.438449749610571793e+01 3.273474852908674393e+01
1.545683563979773822e+01 3.490166734635871393e+01
1.399624781230622439e+01 3.489583331493350471e+01
1.572415088978604558e+01 3.727065323298144506e+01
1.421721553131745353e+01 3.732587187846934285e+01
1.260835294873867163e+01 3.815421994995821819e+01
1.104552295456576516e+01 2.655974760306982319e+00
1.643487977803858868e+01 -4.824252105548472169e-01
1.199803058614054940e+01 5.231588214564217409e+00
1.330832738546417282e+01 1.896467667942427715e+00
1.745903121441782702e+01 2.676161039879594306e+00
1.794825566905978320e+01 -1.521353749445031323e-01
1.962006354750599968e+01 1.454800239599284506e+00
1.972994585752321939e+01 -2.201429828725191273e-01
2.558822545798155446e+01 1.400212594682744616e+01
2.680969013852897120e+01 1.282707296875047476e+01
1.642932021037700707e+01 1.323726239176416186e+00
2.737810718373309271e+01 1.507852238819551793e+01
2.826135370163578742e+01 1.399569221991519363e+01
2.946314374514671286e+01 1.611130325826667686e+01
3.024851695253569872e+01 1.488441434760624560e+01
3.218994222999275223e+01 1.700412643966659942e+01
3.269907985573297537e+01 1.526768749073823805e+01
3.429269726296018916e+01 1.791056933783651672e+01
3.493591523403591026e+01 1.618151386401262570e+01
3.623754813588296742e+01 1.470505203729936206e+01
1.128666202956611642e+01 -5.659776348001472002e+00
1.748933623931156234e+01 -2.895952621703599572e+00
7.443707069074855021e+00 -1.736626643017326543e+01
1.959411137226435429e+01 -1.879433353051038313e+00
2.770040060395616521e+01 -1.550574931716157145e+01
2.881359699903918781e+01 -1.440229091672189554e+01
1.601554206167865146e+01 -2.128482344766752021e+00
2.965634848491889031e+01 -1.617327166617906897e+01
3.042454676296073757e+01 -1.515730356570102444e+01
3.188180104579212326e+01 -1.648954853699081724e+01
3.255725255184158584e+01 -1.540794594494318481e+01
3.467337655585736655e+01 -1.647482803022849041e+01
3.470311036354623013e+01 -1.500378677796801874e+01
3.701676172841437307e+01 -1.675338076389359898e+01
3.705879892604136217e+01 -1.523810652102013563e+01
3.784094853516347001e+01 -1.362520334747583917e+01
-1.381602688333633200e+00 -1.007617795748924827e+01
1.326160514688920156e+00 -1.593416463458430421e+01
6.220877022763797726e+00 -1.071262020452756580e+01
-5.392175953521911591e-01 -1.242412922550422216e+01
5.283808694244338078e+00 -1.634421092671047404e+01
2.441482714433971246e+00 -1.712664095290855215e+01
5.944374258605991557e+00 -1.804617986428548093e+01
3.822316524438770013e+00 -1.858368238124485927e+01
1.389168345957160255e+01 -2.541212161053988439e+01
1.289351262983625190e+01 -2.678464511145527283e+01
3.228367723524266708e+00 -1.538574077221526260e+01
1.502737223683423906e+01 -2.736005427337632057e+01
1.399470292758790180e+01 -2.830504712272904300e+01
1.608650283936713521e+01 -2.952421376623908600e+01
1.486965729859198682e+01 -3.032187636076556103e+01
1.699439138531893434e+01 -3.231351433955574493e+01
1.525465445676219822e+01 -3.279320426184428072e+01
1.787552147996137819e+01 -3.446505285676200714e+01
1.614287871570427768e+01 -3.508738415147291789e+01
1.465222282645967056e+01 -3.637848530797037938e+01
-3.678325871420677906e+00 -1.122048725538687641e+01
-1.234858882314620265e+00 -1.541866785878529278e+01
-1.742001877379026453e+01 -5.474086462959962596e+00
2.146073712701612735e+00 -1.912765188942985972e+01
-1.438597455122381064e+01 -2.589217268922266868e+01
-1.330739770502273522e+01 -2.704124110937297587e+01
-1.487846017431543877e-01 -1.659941915024791470e+01
-1.514803305653779830e+01 -2.779531564518094200e+01
-1.417145349790802733e+01 -2.860533041241765062e+01
-1.562175701239103276e+01 -2.998767586447941014e+01
-1.456848142030674609e+01 -3.070021895103523235e+01
-1.580878801215666130e+01 -3.274304914407728972e+01
-1.433934056581488115e+01 -3.287477674703306008e+01
-1.626351792242402539e+01 -3.504383784639229305e+01
-1.475269444678541220e+01 -3.520551548532566954e+01
-1.320419460557170588e+01 -3.611694442789011106e+01
-9.179603491374923152e+00 -1.685295687821213306e+00
-1.531699835138774901e+01 2.494765668962621585e-01
-1.047903956604109688e+01 -4.997345306223262007e+00
-1.171106849872111333e+01 -1.496377641801571734e+00
-1.609810556370409529e+01 -3.638040746329946007e+00
-1.661653307487190645e+01 -7.172757915628968917e-01
-1.793812846676008732e+01 -3.866472793351835691e+00
-1.834888084784137519e+01 -1.443492877225790449e+00
-2.415214625401660697e+01 -1.175884979069935810e+01
-2.553213968724045202e+01 -1.077440191753270149e+01
-1.504784513422012004e+01 -1.705412999156910692e+00
-2.611433528150416805e+01 -1.293575956820740203e+01
-2.706783356165374954e+01 -1.191499250974548474e+01
-2.825437398570161562e+01 -1.405049099052888728e+01
-2.907833240584555057e+01 -1.284539649077964896e+01
-3.103625218490851978e+01 -1.505413882075701792e+01
-3.167554821372212714e+01 -1.334579360309866658e+01
-3.309908278261081449e+01 -1.607281033930765446e+01
-3.382150366450575518e+01 -1.438450998259963676e+01
-3.515965857024158225e+01 -1.301337585191632051e+01
-9.889105429814314618e+00 5.791685866979837449e+00
-1.659071606113904096e+01 2.075927832468251744e+00
-5.468809435668375407e+00 1.783228026460499294e+01
-1.852330881275369734e+01 3.197957545829957504e-01
-2.642256004514305801e+01 1.514521070788763524e+01
-2.756287274275662114e+01 1.407155980388435168e+01
-1.496130288495381677e+01 1.938539725023103788e+00
-2.834870811831876480e+01 1.586919472344447257e+01
-2.915718722734852619e+01 1.488401383538416844e+01
-3.055844532032474348e+01 1.627340119944124197e+01
-3.127537155101574839e+01 1.521501884534206894e+01
-3.333910873813961473e+01 1.635926804422117087e+01
-3.343231942324344175e+01 1.489417865657192763e+01
-3.569936376000907785e+01 1.671218577958084950e+01
-3.581573875918585514e+01 1.520350790319554690e+01
-3.669767770811080965e+01 1.363265980461308935e+01
-4.328569832435044340e+00 1.138545098154027890e+01
-3.139034866591294826e+00 1.676115709177642898e+01
-4.188351589967492572e+00 1.839475384226508226e+01
-1.264096752592188189e+01 2.476260670731713986e+01
-1.177079933262107225e+01 2.620443869726874908e+01
-9.838449606290970983e-01 1.682310096223941898e+01
-1.397696190604064093e+01 2.659130216412467007e+01
-1.302141600982470671e+01 2.760192457444948388e+01
-1.526638402556417695e+01 2.862698289256060491e+01
-1.410862984066041470e+01 2.950449449725509865e+01
-1.649637547734874943e+01 3.131157947510174822e+01
-1.480342859799545074e+01 3.196416895709149131e+01
-1.762727442421426716e+01 3.335271447196997485e+01
-1.595039833488266900e+01 3.412272303671305451e+01
-1.460475013140883327e+01 3.549507487876537937e+01
2.204534320431607686e+00 -8.620980658137912256e-01
-2.477335321622996245e-01 8.454921527295880423e+00
9.496977617241891823e-01 6.040694456658085798e+00
1.377211836388718025e+00 3.914053641796843230e+00
3.978489749440309531e+00 1.030170195533197131e+01
3.551174296931136620e+00 7.780056574012463422e+00
8.567641634771395731e-01 1.133857724034289838e+01
1.592405462657427107e+00 9.124443139368052513e+00
4.701958269997311035e+00 1.349995348592391231e+01
6.967315115189670616e-01 1.455295263909260584e+01
9.235694802855624275e+00 1.132656560523642941e+00
6.929647150496108132e+00 -6.175108051626796053e-03
4.803340703064538530e+00 6.762332993479287790e-02
1.012045394947366006e+01 4.694632701006774766e+00
7.817214524267972031e+00 3.063456469755261757e+00
1.191499296724219725e+01 1.523505924131317857e-01
9.925743167029017044e+00 -7.634831973125378868e-01
1.460745296991480835e+01 4.418331582725256723e+00
1.465161760746169506e+01 -3.243894340241360585e-01
1.093038556139234352e+01 -3.360754445073811159e+00
8.580243525872040422e+00 -2.664220026023839338e+00
1.394025218550708267e+01 -4.131648702965597941e+00
-1.241108850104470293e-02 -8.193054355340064987e+00
1.141322818009163020e+00 -5.807140264031026788e+00
1.790531589335384366e+00 -3.664322583575843950e+00
4.182940453378630075e+00 -1.004114418521416674e+01
3.752210212490858066e+00 -7.413806126334020696e+00
1.061974051627742721e+00 -1.100842108377180750e+01
1.838305757764884252e+00 -8.844742284030193247e+00
5.247236693638057226e+00 -1.331281562454800138e+01
1.410652394196258763e+00 -1.407357080136284289e+01
-3.547500294600069548e+00 -9.241511572087286908e+00
-1.823085817166345990e+00 -6.997154365922234831e+00
-3.114086156671176830e+00 -1.359814025158406103e+01
-7.239295412623276249e+00 -3.878414715438028848e-01
-5.190879992238228269e+00 1.131070860637390485e+00
-2.957049557652741800e+00 1.485777873179515485e+00
-9.062908087702155058e+00 -3.872681492101071488e+00
-6.764381915809925871e+00 -2.876175282611298734e+00
-1.050727324965160214e+01 4.014218993216915887e-01
-8.496740185605178297e+00 1.355868651591390250e+00
-1.312723873920580253e+01 -4.308736143512597927e+00
-1.347223685649217728e+01 2.451428864519858697e-01
-9.424545055170906238e+00 3.683288621396834550e+00
-7.016472707503977446e+00 3.298345240218391261e+00
-1.259561898214376541e+01 4.065919550018047168e+00
-3.568735337806709484e+00 9.635819005818810012e+00
-2.063042151356365927e+00 7.077448441295441484e+00
-3.877370854085040452e+00 1.398678682681342167e+01
