1.365104549503837461e+01 3.687501950357391678e+01
1.631654296158206208e+01 3.862961776795721391e+01
1.820225424575308182e+01 4.072459191060791994e+01
1.976838519841982489e+01 4.293019583783247839e+01
2.166645507034692741e+01 4.507738692055671237e+01
2.792730876254080385e+01 4.961943433175639484e+01
2.925905319071197752e+01 5.006012527883539320e+01
1.598451725271757162e+01 3.605600573974753331e+01
1.816264596579808455e+01 3.778287528227859582e+01
1.996746536723587795e+01 3.998940747696283182e+01
2.141220414887816403e+01 4.209022196621815226e+01
2.407473667275300855e+01 4.584338192183096794e+01
2.907248115957850132e+01 4.825828617244064844e+01
3.018013202344588564e+01 4.894625519622990595e+01
1.867667961912518848e+01 3.555658503646438362e+01
2.068142918115088591e+01 3.655300212221257539e+01
2.223860578338967997e+01 3.877422990225167609e+01
2.368315098116925554e+01 4.067167964968352578e+01
2.692434266663665099e+01 4.450118799195040253e+01
3.061705115694322998e+01 4.673165012629647919e+01
3.166864266504306258e+01 4.752572311987879061e+01
2.287389398550357811e+01 3.408518664027757694e+01
2.340764488822127376e+01 3.542348043310565942e+01
2.465471201668910695e+01 3.752627578091941274e+01
2.613988194137759535e+01 3.933525193831884081e+01
2.933296095746074883e+01 4.275762227568327489e+01
3.236483485397391746e+01 4.516345465197871079e+01
3.339320493132923673e+01 4.597422033322757073e+01
2.475619448872411255e+01 3.303088019366167316e+01
2.562466684683057494e+01 3.410100691309204990e+01
2.706837596461724260e+01 3.610195958791758386e+01
2.865471337337071844e+01 3.780719403245880983e+01
3.163103425210630348e+01 4.102024863872955507e+01
3.432978853584892676e+01 4.344893643697486141e+01
3.533191894487339368e+01 4.431904203877749637e+01
2.687363118575271059e+01 3.159999840755302358e+01
2.778182416989928072e+01 3.263920766419789032e+01
2.939698000001531142e+01 3.451746956051821513e+01
3.110147447612097693e+01 3.621401033646841228e+01
3.395968902271894763e+01 3.896438871432745543e+01
3.634112238867763267e+01 4.154545096776933377e+01
3.712066199531781763e+01 4.267375606383947684e+01
2.880979649077770333e+01 2.999539084228219465e+01
2.978934733247399791e+01 3.098388556477928901e+01
3.156401441001895947e+01 3.275683543071318837e+01
3.322228718073873921e+01 3.450128237423384547e+01
3.614212096775069938e+01 3.762348979114513980e+01
3.828224918753159045e+01 3.988168961447902205e+01
3.925385271558731404e+01 4.086114560088256553e+01
3.063810421621814228e+01 2.821583998428638651e+01
3.171515534805894987e+01 2.910117688194289087e+01
3.356536689220907022e+01 3.075964860559095371e+01
3.522748415223392016e+01 3.242039166729381350e+01
3.818741067125679933e+01 3.547494162315686594e+01
4.048656612876470717e+01 3.819221973029896589e+01
4.157976580539820333e+01 3.899990071569561678e+01
3.234827863080605681e+01 2.629583587466811068e+01
3.347604826197623851e+01 2.708153140079245347e+01
3.544945749899429899e+01 2.859758838150431615e+01
3.715865945883355437e+01 3.018312583260076565e+01
4.042173327899649138e+01 3.340839609512644159e+01
4.281806013228870711e+01 3.624653554726707938e+01
4.339124185752361740e+01 3.747619140561427997e+01
3.361279986901953265e+01 2.462781517166092016e+01
3.503440336146493905e+01 2.503326641320140666e+01
3.718514266024116921e+01 2.626535017821984042e+01
3.895305289544090499e+01 2.780571578685892575e+01
4.259716145857642999e+01 3.133614049905818888e+01
4.491729287002427640e+01 3.435934577858670735e+01
4.576004158260870014e+01 3.541045148460526093e+01
3.566465113306354340e+01 2.002658238327099127e+01
3.658406625119766886e+01 2.218140164594707642e+01
3.876303330565436767e+01 2.385970961075584285e+01
4.066109851588660717e+01 2.535274874508439424e+01
4.476079235710111703e+01 2.920842256732354514e+01
4.698045679467355029e+01 3.266941939442677523e+01
4.768375857279619368e+01 3.379073344014663860e+01
3.610001259713610722e+01 1.758463086451343216e+01
3.804374217469569430e+01 1.955002289968654594e+01
4.055465948493056771e+01 2.133920149536706745e+01
4.273353282880697890e+01 2.283684342759338293e+01
4.708162274217075094e+01 2.631708327657793234e+01
4.897550703803329952e+01 3.116842018858780960e+01
4.972808104353031666e+01 3.225906704679183434e+01
3.708335788155621060e+01 1.421987580451083666e+01
3.972882506596730678e+01 1.687211337317870985e+01
4.211148451808023907e+01 1.887857911227675345e+01
4.434795645880781478e+01 2.080548346307887542e+01
4.692032033031865979e+01 2.352700661601890886e+01
5.106501590547534875e+01 2.998152575030170297e+01
5.168393771615639309e+01 3.111958657494666269e+01
3.956730187536359722e+01 -1.070109833938030341e+01
4.163471177471650009e+01 -1.319668093604613013e+01
4.390331505560712344e+01 -1.482189036479909561e+01
4.620627664766211495e+01 -1.611752852979885020e+01
4.847292389016526215e+01 -1.779305012918938544e+01
5.349676812193047226e+01 -2.344814434623630817e+01
5.407821078671320691e+01 -2.473399977398413085e+01
3.896930382540620741e+01 -1.316166761128562435e+01
4.088127413028572477e+01 -1.510144782142332254e+01
4.325065487605039749e+01 -1.663016917027997010e+01
4.546986224458058246e+01 -1.782066469309981116e+01
4.950294508575933605e+01 -2.008307212119290952e+01
5.227466391030991844e+01 -2.475427657996568698e+01
5.307266137348445056e+01 -2.579905993207262682e+01
3.866119372647960262e+01 -1.578946662352174179e+01
3.981671630893662694e+01 -1.765948494188322115e+01
4.216211979817482813e+01 -1.895872943010910205e+01
4.420496379125485475e+01 -2.018660190751313621e+01
4.847221706011342945e+01 -2.306445308130913574e+01
5.096458736478531648e+01 -2.648588798187372717e+01
5.183142069002357744e+01 -2.748723319653934283e+01
3.747323668088508697e+01 -1.994225767232065039e+01
3.886585905848819067e+01 -2.035237030426452520e+01
4.107813464751059485e+01 -2.141465423033653437e+01
4.301666978305529909e+01 -2.269942648757608694e+01
4.693270625590984935e+01 -2.556324170798481887e+01
4.959419960380893855e+01 -2.842637829002553573e+01
5.048402732296963080e+01 -2.941847850813568499e+01
3.649831683002314975e+01 -2.188018781389246570e+01
3.768625790064573522e+01 -2.257657832885063698e+01
3.981908973724170409e+01 -2.386967156743484608e+01
4.170407777099949698e+01 -2.522048595040341468e+01
4.537155159340980504e+01 -2.800227478999023489e+01
4.809573143294934994e+01 -3.052549535405708880e+01
4.905021643254445962e+01 -3.145162446260162881e+01
3.519338398314294380e+01 -2.402458154252469669e+01
3.634483913739313721e+01 -2.481477022338029315e+01
3.840385882856612909e+01 -2.624451784730958082e+01
4.025813126392301200e+01 -2.766274787369673405e+01
4.370485550237912520e+01 -3.045218378064569009e+01
4.638648981229227530e+01 -3.271768755141884100e+01
4.756774024977525528e+01 -3.336314687684760116e+01
3.373553275575201127e+01 -2.608708823303604163e+01
3.483911562754251179e+01 -2.694151393232620606e+01
3.682509580102676949e+01 -2.850553052987212155e+01
3.869292230415534561e+01 -2.997376518584173510e+01
4.246508228664938400e+01 -3.294870444726630865e+01
4.473095129268600090e+01 -3.467450501892434289e+01
4.581335142448807574e+01 -3.551036474802985055e+01
3.212643285606801413e+01 -2.801120110262986529e+01
3.317436014425748425e+01 -2.893735028686241506e+01
3.508183651331566466e+01 -3.057987933563145333e+01
3.695597878824875693e+01 -3.202829337251798592e+01
4.042046213071688499e+01 -3.438855937274062313e+01
4.318953913134719613e+01 -3.661696846352770507e+01
4.414795016073848899e+01 -3.757920062144706463e+01
3.034449005013846801e+01 -2.982603420257984084e+01
3.133476184085163752e+01 -3.078988817526421684e+01
3.312924972600672646e+01 -3.253331929368773956e+01
3.493988870760235699e+01 -3.398630678725682230e+01
3.839966725885620491e+01 -3.675731588766582547e+01
4.150192866107091305e+01 -3.878600152192738904e+01
4.261760533638484105e+01 -3.949837160766186628e+01
2.869949321594238967e+01 -3.123459968170252310e+01
2.947024597647370214e+01 -3.245604910826147460e+01
3.106622511931070463e+01 -3.433041188516467912e+01
3.279471628825053386e+01 -3.589633224981059811e+01
3.646417399531545556e+01 -3.888413437197735334e+01
3.984706833887915423e+01 -4.077470877700741880e+01
4.102322665976655713e+01 -4.139340354703026748e+01
2.501114318269474524e+01 -3.331376211886893657e+01
2.709432288716942239e+01 -3.399981952546713160e+01
2.895368681614280604e+01 -3.597447940264520128e+01
3.064329093318468722e+01 -3.764782415696626572e+01
3.437482726641118802e+01 -4.096097523403441443e+01
3.835861230073295758e+01 -4.258673160689925652e+01
3.953460573581836002e+01 -4.317776259066302202e+01
2.253530017763193172e+01 -3.423130662916559430e+01
2.486477351885448428e+01 -3.563158549150981003e+01
2.692275698213402535e+01 -3.755528375725783263e+01
2.863732420718414318e+01 -3.941090538625419271e+01
3.176323970874435432e+01 -4.271426173120213576e+01
3.705321296015246446e+01 -4.431663789172276324e+01
3.825977708660204968e+01 -4.483081141758392363e+01
2.030970601662673047e+01 -3.541476359642904015e+01
2.319148439582046706e+01 -3.681050465119862736e+01
2.531281455353346033e+01 -3.860230547265708623e+01
2.713041517418193749e+01 -4.049479783241787345e+01
2.929418741156092310e+01 -4.230871222230133100e+01
3.611741565924597808e+01 -4.584336035984676982e+01
3.750384679857993575e+01 -4.607775424394320396e+01
-4.705152635876778788e+00 -3.888187786309472926e+01
-6.753453437254497871e+00 -4.206463513165430612e+01
-8.210512146236666808e+00 -4.485199124834601037e+01
-9.610938504166043117e+00 -4.745762470779960296e+01
-1.171243803390616911e+01 -5.062154388619699574e+01
-1.721288371134365036e+01 -5.596295231516848645e+01
-1.821257894291819213e+01 -5.679895060633348436e+01
-8.225526681710000787e+00 -3.872460660145284095e+01
-9.783297058053831208e+00 -4.109241985507593853e+01
-1.098272853396976068e+01 -4.396370894878267421e+01
-1.198231401638415150e+01 -4.643343850394241912e+01
-1.438689702961096373e+01 -5.143327607718035210e+01
-1.878077472656205771e+01 -5.425498834187834518e+01
-1.972027484763426486e+01 -5.519093994262603786e+01
-1.078707117410485949e+01 -3.893708887589722423e+01
-1.273346608242717970e+01 -4.035789073371936553e+01
-1.389474585909874627e+01 -4.288114602535576125e+01
-1.494301528174831262e+01 -4.506103949841689627e+01
-1.770698122552443365e+01 -4.985017260586295862e+01
-2.069089141946665933e+01 -5.275068386976766988e+01
-2.167333182930691748e+01 -5.365519996793596391e+01
-1.593560923683954123e+01 -3.809315413292925712e+01
-1.599488376134020129e+01 -3.956764712345506041e+01
-1.667169843649741168e+01 -4.194877178476655644e+01
-1.778317645615178932e+01 -4.403072018012434086e+01
-2.036281530182613508e+01 -4.832803827630487348e+01
-2.285102491866285845e+01 -5.127917786898137820e+01
-2.388446721564183051e+01 -5.215016016596463544e+01
-1.784029435824756504e+01 -3.731972567109317396e+01
-1.835468510693094402e+01 -3.859140192056344887e+01
-1.937395232269026835e+01 -4.086221830981644842e+01
-2.055499746664969507e+01 -4.288299753107369838e+01
-2.294140987141485510e+01 -4.678165937346788184e+01
-2.519234490153741390e+01 -4.976822639439281204e+01
-2.613085330235777448e+01 -5.071832873367284833e+01
-2.014355831878629743e+01 -3.616204898833528603e+01
-2.075675616402767787e+01 -3.741261490429455705e+01
-2.195273468578738374e+01 -3.960370477462806349e+01
-2.319073141120148662e+01 -4.159812819114536353e+01
-2.554231735129830483e+01 -4.517381544345496280e+01
-2.767723295618571910e+01 -4.804785077410841154e+01
-2.809519132952189935e+01 -4.934706410399607535e+01
-2.228690328555567746e+01 -3.486724566033272055e+01
-2.302843284334512575e+01 -3.604456539822678707e+01
-2.437456784914701302e+01 -3.817456902633573890e+01
-2.570309410020308150e+01 -4.017001430656576844e+01
-2.821507087019385551e+01 -4.391803889234615355e+01
-2.980582712784377719e+01 -4.642789812159698926e+01
-3.058055954593278614e+01 -4.755970107105647315e+01
-2.437510378395448996e+01 -3.335657579846380827e+01
-2.517095329677344751e+01 -3.449962184178905744e+01
-2.663546089498132829e+01 -3.654448253106226474e+01
-2.792489976682345798e+01 -3.856854425123994901e+01
-2.998171453158914090e+01 -4.211266361197666441e+01
-3.188411695018992020e+01 -4.500995112655146357e+01
-3.276244859238271800e+01 -4.605042536057466407e+01
-2.630803851886520661e+01 -3.170230936025462043e+01
-2.717389433432576240e+01 -3.276099532579799956e+01
-2.876043791541406947e+01 -3.468258816193544902e+01
-3.006270189590984998e+01 -3.663550474796814171e+01
-3.249100000678119216e+01 -4.022326025127230054e+01
-3.421293253537650259e+01 -4.352446234696803629e+01
-3.486143807865773425e+01 -4.468247608479862265e+01
-2.780122931783301965e+01 -3.019920591158782486e+01
-2.900378469253039171e+01 -3.099792624200592783e+01
-3.074190581562835689e+01 -3.270661704461845432e+01
-3.213625862663476340e+01 -3.458933785733505317e+01
-3.478467732482108943e+01 -3.846424112467838796e+01
-3.637739611752890312e+01 -4.202878979707439555e+01
-3.689030548995998515e+01 -4.325658309131166135e+01
-3.034905684315143759e+01 -2.644320970314498354e+01
-3.079597477622997204e+01 -2.866842651753343318e+01
-3.254838969248850589e+01 -3.069579534781351526e+01
-3.406359102513772541e+01 -3.253164236847324275e+01
-3.707578778135902553e+01 -3.660629773266892073e+01
-3.832065586622237419e+01 -4.067004465656658141e+01
-3.879680402797688288e+01 -4.190655630994439917e+01
-3.149993116665280013e+01 -2.402281115315584614e+01
-3.261463557909947752e+01 -2.655108607204258320e+01
-3.431245445245563985e+01 -2.881998902511096006e+01
-3.600252916042508389e+01 -3.069121178626993185e+01
-3.903661614789057666e+01 -3.415227719077652324e+01
-4.014059077369101658e+01 -3.948685710033390706e+01
-4.054416317409411619e+01 -4.073777317120762120e+01
-3.286493179809774290e+01 -2.194272264418425777e+01
-3.392112101761772891e+01 -2.500484622300943016e+01
-3.549011012698411349e+01 -2.732364016373908555e+01
-3.723296628339345204e+01 -2.932149118209096272e+01
-3.884885309665589403e+01 -3.164913518696413064e+01
-4.172144111540823985e+01 -3.866919047379823127e+01
-4.184610762450327570e+01 -4.007388089614690330e+01
-3.710190183490729510e+01 6.778256258182950411e+00
-3.995563126613282634e+01 8.846724977891893715e+00
-4.262727646351374489e+01 1.058605964756796425e+01
-4.514955488050118504e+01 1.229632901671728895e+01
-4.822924334615701980e+01 1.459600348852355900e+01
-5.304486294358152065e+01 1.986728010762339736e+01
-5.389824693399516065e+01 2.087188521718472956e+01
-3.668784878211204159e+01 1.026365411059202870e+01
-3.888927547085449277e+01 1.194789399441556377e+01
-4.162038246160098964e+01 1.345709207600958202e+01
-4.402219366126902145e+01 1.466643597637080454e+01
-4.852812014213709091e+01 1.740530856776559077e+01
-5.131920605696549131e+01 2.144938018840947436e+01
-5.225845121445079400e+01 2.240038542151397039e+01
-3.671277556095826355e+01 1.277263343613251578e+01
-3.800241066297197534e+01 1.491062756446507898e+01
-4.036877271874157458e+01 1.633670994926700359e+01
-4.245709980809456141e+01 1.755343587615313439e+01
-4.686159134479147781e+01 2.062797751619819664e+01
-4.972107112637343818e+01 2.342527874775874608e+01
-5.061018931353763861e+01 2.441811608988842863e+01
-3.545495157824365862e+01 1.818210726880375105e+01
-3.693315876218979099e+01 1.828928699571577710e+01
-3.925453468895937448e+01 1.908221563154240741e+01
-4.123277574170963788e+01 2.035640907242697395e+01
-4.518808739384084561e+01 2.314387469111511919e+01
-4.809842733405456983e+01 2.558555930875199991e+01
-4.907650679345042732e+01 2.651005532221018157e+01
-3.457070620002482997e+01 1.999506951007807842e+01
-3.579297443224760400e+01 2.060787951242733840e+01
-3.794696587798046750e+01 2.179955221932606690e+01
-3.987920752291121573e+01 2.312219778966065675e+01
-4.348422469891941944e+01 2.565194000717289313e+01
-4.639674769121280207e+01 2.794442583511876421e+01
-4.739677400690781894e+01 2.881188681889345560e+01
-3.325814706814679766e+01 2.222826532315152903e+01
-3.443665761783863388e+01 2.297649549532827606e+01
-3.649118109862274650e+01 2.434844166987797465e+01
-3.838044916469164747e+01 2.574880254925926337e+01
-4.174435896124431622e+01 2.820844843914431266e+01
-4.456508366978872715e+01 3.035560185265102362e+01
-4.601550981237477345e+01 3.042917597973864474e+01
-3.174555535518251403e+01 2.436299615786800032e+01
-3.288592298928494984e+01 2.517011067344470732e+01
-3.489214342805086488e+01 2.669034817508545032e+01
-3.676953283470817979e+01 2.822080271198398904e+01
-4.006683468950902238e+01 3.078311700536015039e+01
-4.246241272040028036e+01 3.280467202329774778e+01
-4.313614632773830948e+01 3.406667267956501632e+01
-3.010161844047039992e+01 2.627775419264158430e+01
-3.111437991283811755e+01 2.722876950554831410e+01
-3.301631561394177083e+01 2.888596141281009011e+01
-3.495267558460942325e+01 3.035469663639984006e+01
-3.819336688527124579e+01 3.276140977557108869e+01
-4.084832051949972254e+01 3.490036922750053350e+01
-4.187516272344677049e+01 3.579304841053986053e+01
-2.828014968776627924e+01 2.804016194431383724e+01
-2.914708024847658052e+01 2.909560111659889614e+01
-3.082292101562693176e+01 3.093456723080124959e+01
-3.267240631275014806e+01 3.240562911328145645e+01
-3.612027824251980235e+01 3.529043364101417524e+01
-3.906101842925858847e+01 3.740460905954954285e+01
-3.986738788215041041e+01 3.849651520013272687e+01
-2.671982358440831717e+01 2.929564569623721937e+01
-2.718555879451605151e+01 3.070110904705391519e+01
-2.853085615419398735e+01 3.275629299002087436e+01
-3.027047041465300481e+01 3.430609018407707111e+01
-3.423997946926981228e+01 3.754789581104567731e+01
-3.718447700297689096e+01 3.979584661429552028e+01
-3.848462667998177267e+01 4.019287255504808343e+01
-2.153418901590411849e+01 3.183616129603181122e+01
-2.400406759549426994e+01 3.254197841777239120e+01
-2.601541249903868191e+01 3.447056708400398151e+01
-2.777525635663670656e+01 3.601977416796106723e+01
-3.252189743818195922e+01 3.983800385161440261e+01
-3.540027931045093368e+01 4.190502963260245650e+01
-3.655177970928797038e+01 4.261562898556876888e+01
-1.900464016780248855e+01 3.243822819214422282e+01
-2.131479380954957037e+01 3.409188416086841755e+01
-2.350314587575030956e+01 3.618166576439564608e+01
-2.531940291405665278e+01 3.769310062896917657e+01
-3.045885316382462449e+01 4.245039879413681660e+01
-3.372333738497079025e+01 4.414824636572620165e+01
-3.504259604096116476e+01 4.458948395841901657e+01
-1.566761119284018200e+01 3.372150032822614918e+01
-1.858436462221126462e+01 3.580142659514721259e+01
-2.108559801711333037e+01 3.766197102824072118e+01
-2.315449198347360849e+01 3.911238187249551856e+01
-2.985077454370598460e+01 4.487373025461000253e+01
-3.256637304805845901e+01 4.620427385506767592e+01
-3.392866693594145033e+01 4.661873427346894516e+01
-1.528262425363305921e+00 4.844960207088317539e+00
-8.148726258077511053e-01 2.669296507189483858e+00
-1.032086881336261586e-01 -7.275895079073275984e-02
1.020366573664042154e+00 -1.756195321412141075e+00
-1.589176969031809827e+00 9.668840186060519315e+00
-2.599929029410641967e-01 8.078611941137173957e+00
1.005559723460624832e+00 5.624195951292914053e+00
1.718192742080419055e+00 3.015123991635265899e+00
-2.871097216510503092e+00 1.189335776851836535e+01
-6.395957219207973887e-01 1.196224934669960049e+01
-5.765629828927767292e-02 1.692138371968855282e+01
9.568802084963946575e-01 1.794919189466009612e+01
-7.562912819704493472e+00 1.577113643228827300e+01
-3.246300225677108298e+00 1.870300662615319709e+01
-9.002738248579917890e-01 2.011561248361316245e+01
1.925004541797945834e-01 1.920383815089380164e+01
-6.513188769741708128e+00 2.332382174277858056e+01
-4.176255048844172535e+00 2.333876472522269907e+01
-1.856113035280140711e+00 2.254780241339966196e+01
-7.269509003537742986e-01 2.154584109594655317e+01
-7.746685560284394256e+00 2.636513522002874765e+01
-5.083906427565419328e+00 2.564297816593163049e+01
-2.804055210812016696e+00 2.507014576353030577e+01
-1.506233111216785492e+00 2.403123012383283452e+01
-8.803808713831564603e+00 2.900580214623200703e+01
-6.181280675470461006e+00 2.839765668069215820e+01
-3.761925182162263681e+00 2.777215461765175064e+01
-2.431722716977771981e+00 2.674077801207901928e+01
-9.883517492942555549e+00 3.135058371710474034e+01
-7.496145197504346491e+00 3.118002670978875912e+01
-4.854602682642267908e+00 3.024176329171521616e+01
-3.451939277750560642e+00 2.947367064941618509e+01
-1.234502605921533025e+01 3.306106389913960442e+01
-9.273212678545453613e+00 3.323836135776586076e+01
-6.133580981339858518e+00 3.263547953525646506e+01
-4.175980325947797667e+00 3.134660205897762353e+01
-1.322453220755102521e+01 3.604999054678425807e+01
-1.276404740149965455e+01 4.039200512710027624e+01
-1.133884118960614096e+01 4.386148099791192578e+01
-1.032474041608874415e+01 4.541554834092843151e+01
-1.051454181825188705e+01 4.786958451909854517e+01
-1.030758867089071273e+01 5.049452496888361708e+01
-1.021842772735249838e+01 5.308009290848091410e+01
-1.482491119054662398e+01 3.851785886341204446e+01
-1.449864895803273690e+01 4.116782434020406356e+01
-1.341423589819393136e+01 4.306126706291446027e+01
-1.173088687928514595e+01 4.623358216358789008e+01
-1.138666647375712060e+01 4.932605587362171207e+01
-1.113657839261669835e+01 5.191589229192745591e+01
-1.108698422867464828e+01 5.408773610797459241e+01
-1.085993615807878498e+01 5.541386235477255440e+01
-1.682521520121634140e+01 4.035139002512948991e+01
-1.573498760523818163e+01 4.299749435419447252e+01
-1.500264046632485382e+01 4.550639606693891892e+01
-1.416578613166833733e+01 4.853919228952343445e+01
-1.363524476694590426e+01 5.094524365602423899e+01
-1.308533031427296933e+01 5.351862145889160161e+01
-1.226463679515017979e+01 5.585298676338503299e+01
-1.221134962626938503e+01 5.746108868489443466e+01
-1.808406934794148668e+01 4.234537226126965237e+01
-1.688279347192648316e+01 4.488833601605466583e+01
-1.625492897895094302e+01 4.785854870534817707e+01
-1.528417169717053170e+01 5.008733892937650722e+01
-1.503067120810006330e+01 5.255693031981339658e+01
-1.441839322840716342e+01 5.526331060039257181e+01
-1.355120955429196172e+01 5.765033859157711760e+01
-1.347822608329284400e+01 5.902786368073498835e+01
-2.884476855749865010e+01 4.783419844222542139e+01
-2.632630388937629107e+01 5.138681807758035092e+01
-2.510699371984096473e+01 5.307039514388504386e+01
-2.218058215860650506e+01 5.286195805532702963e+01
-2.068428159911745468e+01 5.670743870332311332e+01
-1.937542977455690263e+01 5.892921945033086217e+01
-1.831867771041325099e+01 6.101608505899217505e+01
-1.761334486072016858e+01 6.220036655247726998e+01
-3.193355885135715155e+01 4.940669217548945369e+01
-3.024247917927878149e+01 5.179751688633123052e+01
-2.870889131511846060e+01 5.386552848778093505e+01
-2.748718801435204284e+01 5.599887361802670682e+01
-2.619926792580680086e+01 5.825341547167296596e+01
-2.462720573995755657e+01 6.017011960670789961e+01
-2.316771155593250242e+01 6.151468642458588931e+01
-2.256536993294782434e+01 6.245338140455788789e+01
-3.309096682694155334e+01 4.844164604954480779e+01
-3.155136989978996098e+01 5.117855144213007890e+01
-3.014883344413862076e+01 5.322714031712201432e+01
-2.878075946511917849e+01 5.537526171885141935e+01
-2.742347622562491338e+01 5.751854500866934927e+01
-2.595465303502018273e+01 5.962824700524635801e+01
-2.431339874882371177e+01 6.145034388605846232e+01
1.146501426044335936e+01 8.417209220010111181e-01
9.458910656886430957e+00 1.055620093178533336e+00
6.892885620091525389e+00 3.733500571849903138e-01
4.765297228187121092e+00 -3.821594644697386411e-01
1.296659742591359432e+01 2.895412363794049426e+00
1.373205568138037158e+01 9.728348491331243464e-01
1.821239145621805733e+01 4.968742287422154291e-01
1.920626812754546719e+01 -5.436237156984925489e-01
1.737108346178443696e+01 7.230058021268424895e+00
2.018369940040971144e+01 3.511316553860834855e+00
2.143043756296487956e+01 1.195838915826586524e+00
2.048928820074638324e+01 1.460051858555526105e-01
2.534510259014909295e+01 6.494101418361197808e+00
2.484363080479707619e+01 4.245362321260078176e+00
2.385294423265945341e+01 2.018774238822465872e+00
2.283111536186125434e+01 9.340354324117101648e-01
2.854439303615394152e+01 7.386283238824876918e+00
2.731145650933595093e+01 4.921596664139449295e+00
2.643015674947559646e+01 2.737587069622803071e+00
2.528463630303795284e+01 1.532849848309043361e+00
3.137436720381711552e+01 8.087737041455291376e+00
3.021895127733804287e+01 5.678425984798551873e+00
2.920922850187581687e+01 3.389357120467571871e+00
2.802343664263026923e+01 2.185671332735096062e+00
3.385956262683666296e+01 8.816494963563203058e+00
3.324326360690076143e+01 6.585444528198417302e+00
3.181429908915025351e+01 4.143745234698235080e+00
3.084027789731961278e+01 2.873070584893469448e+00
3.599186407632623030e+01 1.093428325921859567e+01
3.556090951811119538e+01 7.948690123481060077e+00
3.437922212485911899e+01 5.036260042665869463e+00
3.281109685164281586e+01 3.330249658948389424e+00
3.932457220473592940e+01 1.170780563555675435e+01
4.413968118946806385e+01 1.104552795763200201e+01
4.741055123044154840e+01 9.481521984476557918e+00
4.888542466496653560e+01 8.348835721709447100e+00
5.128038202762324715e+01 8.294427290814899933e+00
5.387171984329732055e+01 7.802827577687069471e+00
5.644727145980235861e+01 7.423039520389854040e+00
4.227353836377761809e+01 1.306162788094321314e+01
4.495491054224396521e+01 1.270523743366065617e+01
4.676440319693198688e+01 1.155440001854234033e+01
4.978275289949397120e+01 9.666937693602800863e+00
5.282494639091441968e+01 8.997188594085212543e+00
5.537996927282367210e+01 8.450178054821270379e+00
5.755531102270087729e+01 8.161156027412376446e+00
5.886697019694396715e+01 7.834430627366140598e+00
4.426272873602828639e+01 1.503581318584383375e+01
4.684481286572753334e+01 1.389899567688745741e+01
4.932108805779331107e+01 1.306536099426099895e+01
5.236751364188353364e+01 1.190213217753241715e+01
5.467285582696882074e+01 1.104457290846903028e+01
5.717005355062178040e+01 1.019477857379334473e+01
5.944717385869750359e+01 9.179284410919446913e+00
6.106232646506086326e+01 9.029958800142555475e+00
4.629870407182136205e+01 1.646887602462397737e+01
4.883965225045740510e+01 1.517305619362919877e+01
5.193358337242624856e+01 1.423875951470224344e+01
5.403896790762691893e+01 1.280753239384843489e+01
5.643177803387693814e+01 1.224145784367939349e+01
5.901683598251251084e+01 1.135767449244756655e+01
6.135296238943347191e+01 1.034294136066546166e+01
6.272497019874344204e+01 1.024291509909372166e+01
4.862515841820843576e+01 2.100553485601422921e+01
5.375455524935856033e+01 2.060938146198271426e+01
5.568106864503378262e+01 2.092513531821969153e+01
5.768755749218814799e+01 1.856443558836227226e+01
6.049424066104798214e+01 1.728744223176523320e+01
6.283903124720605149e+01 1.620445967215944094e+01
6.489046336506204682e+01 1.497875002947288792e+01
6.603796189602519462e+01 1.420224387763521889e+01
5.426354387690709302e+01 2.895088825636432972e+01
5.637511329273881699e+01 2.707108300172684068e+01
5.809110245053161492e+01 2.538932888336736582e+01
6.006104664169828311e+01 2.400562917109822791e+01
6.225551496840878229e+01 2.263931466424454797e+01
6.424525083988032748e+01 2.100980754318587884e+01
6.554357136023702424e+01 1.955771338037844487e+01
6.647158185207818804e+01 1.892625279823588968e+01
5.328475459348710785e+01 3.003555836380288824e+01
5.579355398605414251e+01 2.829116620584905561e+01
5.766269726735145440e+01 2.675500928760106945e+01
5.951040383570602188e+01 2.529730637530432347e+01
6.153420452026813336e+01 2.388462361376195275e+01
6.366049146744730791e+01 2.236545180922196607e+01
6.551682481485924825e+01 2.070545384835382308e+01
1.186651340367524954e+00 -1.083156086065449308e+01
2.093763634278169583e+00 -8.983495773862378186e+00
1.746526893274818137e+00 -6.333569892081333919e+00
1.651359428397354723e+00 -4.189908634542960364e+00
5.376524586868354216e-01 -1.303358763467264581e+01
2.709729201712421265e+00 -1.259524818458574558e+01
4.222676741220322327e+00 -1.705908193396442130e+01
5.432629934336571154e+00 -1.780143385925209998e+01
-2.561401032414791779e+00 -1.815602306447343395e+01
1.764282928934707062e+00 -1.994738497920532438e+01
4.326053275985010771e+00 -2.042615806827610569e+01
5.086178014148796223e+00 -1.921644881314502840e+01
1.538519456167009025e-01 -2.561172719970379319e+01
2.219038776704752358e+00 -2.457353618295587339e+01
4.123589458042795641e+00 -2.303092038297511124e+01
4.909833645004805014e+00 -2.174164039965902617e+01
3.957307893932058424e-02 -2.900113434860482897e+01
2.163986159516288588e+00 -2.715300146510517010e+01
4.067899948271409549e+00 -2.574827709574706702e+01
4.940165682700848215e+00 -2.431590157882526881e+01
2.707091555305138342e-02 -3.194174837687168278e+01
2.132023528183242700e+00 -3.022098908567663145e+01
4.115282918250584565e+00 -2.864280995455639456e+01
4.987749216942277464e+00 -2.718334548792826411e+01
-9.156154645203530562e-02 -3.450992521249352762e+01
1.950182860850752986e+00 -3.338092433267796366e+01
4.005615473957032435e+00 -3.137074090725843334e+01
5.006886295618061311e+00 -3.010291285821426044e+01
-1.733684043796581031e+00 -3.707505680242083201e+01
1.141917954566300075e+00 -3.594391967570670232e+01
3.731526787909460019e+00 -3.407092423915995738e+01
5.032430759132679121e+00 -3.213451828607339422e+01
-1.791340644516089542e+00 -4.051200555222068544e+01
-1.353055420672876208e-01 -4.507179707027901117e+01
2.134681658118145364e+00 -4.803631763253861209e+01
3.543186732607819689e+00 -4.927361038286599637e+01
4.074330575352633765e+00 -5.164019322737354400e+01
5.056276955885179447e+00 -5.410133504047937691e+01
5.895722549998042794e+00 -5.652552409769315744e+01
-2.489798231949805984e+00 -4.367222198023496560e+01
-1.571126553407262483e+00 -4.622001137284402006e+01
-5.991803084955191205e-02 -4.777040973889294406e+01
2.431453339180456030e+00 -5.041685421056111949e+01
3.680531239132110777e+00 -5.328598628748144961e+01
4.690960628099626106e+00 -5.568163672742338832e+01
5.369519640308913822e+00 -5.776542664022123574e+01
5.953568541426045080e+00 -5.898223401339736682e+01
-3.997380401130330885e+00 -4.603589782116436169e+01
-2.336115692360579477e+00 -4.831558415978769006e+01
-1.018916726202421907e+00 -5.056746819569568885e+01
7.766209048942419590e-01 -5.333506868357754627e+01
2.050264363683203417e+00 -5.545323583607527240e+01
3.319376548216240508e+00 -5.776138616232933032e+01
4.750259292062500194e+00 -5.982160490285330212e+01
5.231528590387515720e+00 -6.139651997831478525e+01
-4.938588088086525829e+00 -4.831355397639669036e+01
-3.157944237251077091e+00 -5.052519668488432103e+01
-1.614802801820317546e+00 -5.334612769137223154e+01
2.137972833672288908e-01 -5.514956170320341755e+01
1.198602792495109703e+00 -5.738600255849901544e+01
2.542928912648738216e+00 -5.982364760252047375e+01
3.997644935122846466e+00 -6.191962546383889077e+01
4.414465183165799722e+00 -6.321836478324993891e+01
-8.879319544181097257e+00 -5.167388948387579717e+01
-7.381175250175285640e+00 -5.645567455194093753e+01
-7.366100422735448738e+00 -5.842826765673151357e+01
-4.736270783092922265e+00 -5.990789682531363525e+01
-2.997346407403221225e+00 -6.245053867876459464e+01
-1.494153853967662648e+00 -6.455951291125430203e+01
1.973935981103334958e-02 -6.637633248332664948e+01
9.550507488067168094e-01 -6.740955898563758808e+01
-1.558601728919127716e+01 -5.889547504826028046e+01
-1.334278998124191240e+01 -6.060434767000246836e+01
-1.137151134906052441e+01 -6.195536431768805130e+01
-9.653559350580213305e+00 -6.356789035054731585e+01
-7.968542816732986367e+00 -6.534861705991606584e+01
-6.105801619623079546e+00 -6.685772994015604809e+01
-4.407592954867551427e+00 -6.781234464971628029e+01
-3.680911843934726591e+00 -6.861398128464624335e+01
-1.683717224018460001e+01 -5.814302802603491926e+01
-1.464754762085708073e+01 -6.027889201896039850e+01
-1.279134006047684657e+01 -6.180778729665797044e+01
-1.100417412464463496e+01 -6.333611666213739966e+01
-9.315490156336323935e+00 -6.497158393556026112e+01
-7.501600569664197415e+00 -6.666182587394256132e+01
-5.522042371370760705e+00 -6.804842466849262905e+01
-9.779996680234980033e+00 -9.372676454319182060e-01
-7.756023129531957494e+00 -1.247506423241512286e+00
-5.069665060724870997e+00 -1.165276187238882821e+00
-2.827389870944567729e+00 -1.562876211528269943e+00
-1.197954096726170725e+01 7.304169588426970283e-02
-1.172539050094718327e+01 -2.110157753000815983e+00
-1.652476444963969726e+01 -3.660471352992220595e+00
-1.727673890562739700e+01 -4.884959418962179001e+00
-1.699498137508268769e+01 3.768794262769563197e+00
-1.908447261627954461e+01 -1.067817672838925480e+00
-1.982986177043108000e+01 -3.651558493499452052e+00
-1.867044102389884941e+01 -4.472334231372579794e+00
-2.447158067623616517e+01 8.340613403900969391e-01
-2.378598201049517868e+01 -1.357865419752013247e+00
-2.241772092741853939e+01 -3.353360416635092989e+00
-2.116604696794122731e+01 -4.189324022301188499e+00
-2.776926991598187655e+01 1.248028720482368126e+00
-2.626202339057957147e+01 -1.114933288101727094e+00
-2.509393841386072666e+01 -3.130520201033080152e+00
-2.373965189712283674e+01 -4.098422086674002429e+00
-3.066311348341402265e+01 1.515617904762737389e+00
-2.927913770449589137e+01 -8.222800324866774702e-01
-2.795727257808584554e+01 -2.960308589774913290e+00
-2.659007707958128819e+01 -3.949795753027943945e+00
-3.320405240373865041e+01 1.893406035756504346e+00
-3.235015860185525582e+01 -3.369179762393371136e-01
-3.064093903730659108e+01 -2.615728343715728155e+00
-2.950333349574208341e+01 -3.734952660230923094e+00
-3.553673845446654411e+01 3.766569638520382401e+00
-3.480567432382487425e+01 7.664355714900128458e-01
-3.332611361657003357e+01 -2.048570490727660065e+00
-3.151252940513540679e+01 -3.575734325653814327e+00
-3.877081424053123726e+01 3.977106370112547751e+00
-4.293165397976174802e+01 2.469243320500676742e+00
-4.572590677778018176e+01 2.142693050689528089e-01
-4.690507340113808965e+01 -1.223505139690410415e+00
-4.924105386325285139e+01 -1.762297414649888205e+00
-5.163841188208910893e+01 -2.759837725772010142e+00
-5.406394346884617619e+01 -3.645851289649481242e+00
-4.158971395691254003e+01 4.935098039909285639e+00
-4.409911574063880835e+01 3.973274332158007294e+00
-4.558204098594850961e+01 2.438303474367943924e+00
-4.807873400512427509e+01 -1.065499718143585878e-01
-5.087869655946219183e+01 -1.372238146721267205e+00
-5.323952709096540303e+01 -2.418939886952132134e+00
-5.529687763244375986e+01 -3.142642996196761018e+00
-5.650961919617038376e+01 -3.729055629123457560e+00
-4.390072501177954223e+01 6.472723320212778297e+00
-4.617324226485146710e+01 4.761922129911114077e+00
-4.837885852563052680e+01 3.408226028906141014e+00
-5.104105055393964108e+01 1.600672107204867078e+00
-5.309465020342135944e+01 2.699472525808191414e-01
-5.534555907545123432e+01 -1.070960233850047238e+00
-5.734735634484668765e+01 -2.521235428394775990e+00
-5.889561596044831759e+01 -3.005974949036669841e+00
-4.616154575841388663e+01 7.480230972257378319e+00
-4.839187825580138025e+01 5.596704856809139095e+00
-5.113655181215395373e+01 4.022861272517240572e+00
-5.285379928399319738e+01 2.134522602079625297e+00
-5.504972418870357131e+01 1.088394547120122180e+00
-5.738310170518892761e+01 -2.983366599426382493e-01
-5.942733801594139464e+01 -1.766964837396488575e+00
-6.071813049578277344e+01 -2.196980992345458183e+00
-4.935304702519280795e+01 1.150247652784362273e+01
-5.404793572362378029e+01 9.608164795389614099e+00
-5.605020141410147261e+01 9.606025476060155555e+00
-5.752267229549890004e+01 6.978886226357771783e+00
-6.004271405463436651e+01 5.250303875889235528e+00
-6.213717040857294904e+01 3.756972460936244484e+00
-6.397787718298519621e+01 2.259126170280076007e+00
-6.502246453825507899e+01 1.339776868915637964e+00
-5.616333596973952780e+01 1.821696260456419481e+01
-5.796618997582013577e+01 1.592322987680901569e+01
-5.935175668443827846e+01 1.386696219436427846e+01
-6.096852372045634638e+01 1.206919911280899349e+01
-6.279442694490423094e+01 1.032525739306685253e+01
-6.437340970570186016e+01 8.411393774824954761e+00
-6.534695923307558019e+01 6.686219606823297745e+00
-6.617692381319150741e+01 5.938156095638696286e+00
-5.528922732079318791e+01 1.945117456703164649e+01
-5.755547463574675504e+01 1.722125797903775535e+01
-5.914414606186247880e+01 1.529796163455001690e+01
-6.069982260122441176e+01 1.344932800928229533e+01
-6.236556598858754086e+01 1.167564062944089365e+01
-6.410154812895916621e+01 9.825705950381134812e+00
-6.556142496908010742e+01 7.819824884120118114e+00
-1.890992494136898827e+01 6.211622704579207976e+01
-1.978700726877747940e+01 6.073276000719876322e+01
-2.074183602318747077e+01 5.887935388746273446e+01
-2.307645678759153185e+01 5.071344858101834774e+01
-2.473414395372698138e+01 4.862573347879615682e+01
-2.563667693677367154e+01 4.701234808453785519e+01
-3.131509349753312677e+01 4.050634102528920977e+01
-3.302870092841085636e+01 3.851051460213213318e+01
-3.500874578446852325e+01 3.627536915988176958e+01
-3.685064364455679708e+01 3.415270061158010151e+01
-4.064391392590554375e+01 2.950586197795126253e+01
-2.456462755743823934e+01 5.029729045670467968e+01
-2.618124396498094697e+01 4.820891867787700136e+01
-1.705368228017554344e+01 6.099176555801219735e+01
-1.767026793391849893e+01 5.953971483588581748e+01
-1.923615783965936643e+01 5.713542428455567546e+01
-2.108242142734073354e+01 5.503534570587068941e+01
2.249907731231690633e+01 4.853051666618563331e+01
2.349208676280039043e+01 4.746349496058641648e+01
2.562881751634299121e+01 4.553059066021929624e+01
2.802421306194227668e+01 4.358096427087091485e+01
3.036657087000896738e+01 4.173561180736636800e+01
3.248212610810725209e+01 4.001535655979045458e+01
3.677358771110582580e+01 3.640948522187288461e+01
-2.324082708687961940e+01 5.394935490541825374e+01
2.213622946360970900e+01 4.728835562876219001e+01
6.602610530592761506e+01 1.548496613288473256e+01
6.469677131682099969e+01 1.640245645562897892e+01
6.209554746647447843e+01 1.772607513548234337e+01
5.966286798155036308e+01 1.900345169374281795e+01
5.131889244694233554e+01 2.364289961241059501e+01
4.962064860692058943e+01 2.484253064342183848e+01
4.578261882860912380e+01 2.794134724952407467e+01
4.356300000861287458e+01 3.008300749052715872e+01
4.138790654615402076e+01 3.221984967038775238e+01
3.925640344567896989e+01 3.424834894350524195e+01
5.321538469279903438e+01 2.217246594556316808e+01
5.000924406178148729e+01 2.339653276868392950e+01
6.479163121781795098e+01 1.371462040726610532e+01
6.335977238752550988e+01 1.438529275211407743e+01
6.116973679899969341e+01 1.559539254296107735e+01
5.872863478287828087e+01 1.678541542332934355e+01
5.198683292748773255e+01 -1.810718361316982694e+01
5.104486114432055643e+01 -1.925863790642702611e+01
4.930921950044568547e+01 -2.165584981085764227e+01
4.759795306842148932e+01 -2.419280499645369531e+01
4.597760818231303404e+01 -2.664120298133742892e+01
4.438805292078800591e+01 -2.899539299890436084e+01
4.235299851551842920e+01 -3.161520862006644705e+01
5.601474670246137322e+01 1.903881461625741522e+01
5.071605071912272678e+01 -1.793771822503217805e+01
1.277646063824249278e+00 -6.610822213425829830e+01
4.045998694587213951e-01 -6.479758297484895024e+01
-1.211560302408271950e+00 -6.279710852272658173e+01
-2.796119274482611772e+00 -6.064097744865725303e+01
3.053387218427479510e+01 -4.562982021686593015e+01
3.138966530116554665e+01 -4.442130553663897530e+01
3.324304397013890622e+01 -4.214884679349891883e+01
3.528484629396145067e+01 -3.986831748064643932e+01
3.727558977365217885e+01 -3.769758222973291595e+01
3.910573551557283878e+01 -3.561595378922281441e+01
-5.461531967228260065e+00 -5.834191954582871631e+01
3.002462469471597117e+01 -4.444603029802139105e+01
-3.208404570571197767e-01 -6.756316079978937239e+01
-1.434594183952386137e+00 -6.638788341451564179e+01
-3.104132850361791096e+00 -6.413615576146236208e+01
-4.874651649857240976e+00 -6.188456791533570112e+01
-1.081654806223982845e+01 -5.502276539524910959e+01
-1.233574480443303756e+01 -5.362767424440854569e+01
-1.623607284184200950e+01 -5.057367310768143653e+01
-1.888311342928810888e+01 -4.894802572726124623e+01
-2.154191443874082879e+01 -4.740540776980370197e+01
-2.405887176509424918e+01 -4.588165044504176393e+01
-2.685560097079550346e+01 -4.401143033843916896e+01
-9.033461043912415889e+00 -5.650112357664454521e+01
-1.083546963297028931e+01 -5.368789018333595919e+01
-6.372362671624753006e+01 9.909518039997101679e-01
-6.239835269532847661e+01 1.846269627617117770e+00
-6.039005220156867892e+01 3.453431017944949222e+00
-5.827385645271643710e+01 5.011874872499038069e+00
-4.201408813882692783e+01 -3.319737353007634084e+01
-4.074535203742569678e+01 -3.393741047002986022e+01
-3.835385155062898122e+01 -3.557159593900651373e+01
-3.589593931893497825e+01 -3.740376849048250563e+01
-3.354630246026536611e+01 -3.919431848342595259e+01
-3.133177810086984749e+01 -4.088969539391166563e+01
-5.597662992097661316e+01 7.692910744415329738e+00
-4.088599106464985766e+01 -3.257991043759912486e+01
-6.515936574677475335e+01 2.606324037937251425e+00
-6.397312038338533569e+01 3.706222118452787928e+00
-6.170655958413567532e+01 5.385617499676127018e+00
-5.949558319013153351e+01 7.133746884333374005e+00
-5.291119678969273821e+01 1.294686088529941514e+01
-5.168958301489726637e+01 1.430027760247742030e+01
-4.751751740267031465e+01 1.926351113678945737e+01
-4.589365078158260758e+01 2.172407261317074045e+01
-4.421877805253565441e+01 2.430044849071730084e+01
-4.256537811766937551e+01 2.679312215686999110e+01
-5.426521696047271348e+01 1.122627246448984728e+01
-5.160065759349441805e+01 1.291755924055446769e+01
-5.984964145307658967e+00 7.028785113373792193e+00
-1.173150063658612474e+01 9.417172942112200573e+00
-4.862843492731909301e+00 1.038223347462169599e+01
-8.105204556913744085e+00 8.257169678580357441e+00
-9.764576268626390387e+00 1.240614196499926081e+01
-1.311677747693307339e+01 9.343615304918985842e+00
-9.168128462625070085e+00 1.477870502883829218e+01
-1.036722891390204104e+01 1.414962461557124129e+01
-1.511998994122018303e+01 8.963572436995178805e+00
-1.011758410370029715e+01 2.377729227930175782e+01
-1.175131091657759441e+01 2.381781479199064222e+01
-1.113118535826385802e+01 1.079327530270717084e+01
-1.084976035840938025e+01 2.584712688409346626e+01
-1.217214301800795084e+01 2.560332805242807197e+01
-1.181067339577216302e+01 2.796028035098687070e+01
-1.313507461491531636e+01 2.750387562035680133e+01
-1.333928529393106288e+01 3.030826351288880005e+01
-1.475134184059307785e+01 2.928195716093386025e+01
-1.440791023128037018e+01 3.226526766573438465e+01
-1.593635921991714888e+01 3.134999397579494129e+01
-1.781892170230327466e+01 3.102837342307092072e+01
5.300041726262940678e+00 8.919915876335497984e+00
1.094443796080319231e+01 1.164290565512126996e+01
4.272585842563587200e+00 1.115213188800402833e+01
7.393088930933443770e+00 1.025397965767437114e+01
8.771263258643333671e+00 1.298936182091353331e+01
1.250272687613071376e+01 1.184558229233477178e+01
1.349806642489801156e+01 1.354126942717063287e+01
1.441226131546945233e+01 1.212672188775173687e+01
6.758325990616484980e+00 2.821241411945141309e+01
8.276061200908138460e+00 2.826160164165175814e+01
1.030338339997042141e+01 1.307587788817185981e+01
7.588241651443034641e+00 3.003335470165557908e+01
8.798553654909525790e+00 2.993321703111722698e+01
8.829920161593710404e+00 3.183020175634402804e+01
1.003872896173203522e+01 3.166761409658666437e+01
1.065467683196437854e+01 3.386003082862462321e+01
1.178574412061523091e+01 3.301124779580120361e+01
1.193138597432563408e+01 3.580180212855471211e+01
1.307130363571822151e+01 3.489081701491841159e+01
1.474692393596095918e+01 3.447695805131947822e+01
1.147638722818226853e+01 4.612335153495884299e+00
1.416221392076055707e+01 9.457373585140770089e+00
1.640252286365667800e+01 8.935915521122284488e+00
1.565943684487790044e+01 1.039211424255802818e+01
2.636655952457185137e+01 9.951798054355821321e+00
2.663585895690537697e+01 1.154897167017812976e+01
1.200992123088358454e+01 1.003342243564753211e+01
2.849324490962293410e+01 1.046881337778656729e+01
2.843072874061166289e+01 1.180358170541159879e+01
3.072856947778378611e+01 1.115745612394510644e+01
3.043611073370195541e+01 1.252147644555796901e+01
3.332355500705968154e+01 1.232933681212232457e+01
3.249630830706093576e+01 1.387879745946591648e+01
3.545855450275142573e+01 1.310762436785964447e+01
3.470238323877065767e+01 1.472803853496988680e+01
3.455851528605838041e+01 1.659937827507292951e+01
1.020643227369304462e+01 -4.469904330980651430e+00
1.268218766641554573e+01 -9.982921581267728328e+00
1.253333869738531092e+01 -2.944720025695140464e+00
1.150390887945062346e+01 -6.371223713606394945e+00
1.524765228643328463e+01 -8.027328615988297500e+00
1.409746573790063628e+01 -1.050448604285002752e+01
1.635923376006198993e+01 -1.012385341007643014e+01
1.550967630099846950e+01 -1.151048367344049517e+01
3.013163579207637710e+01 -5.153215039072994941e+00
3.040579327409432153e+01 -6.636120905544514059e+00
1.367900651174156401e+01 -8.548890116220634994e+00
3.207502095662363928e+01 -5.693788688494617389e+00
3.212663181470585982e+01 -6.914898745459770346e+00
3.404475151291714496e+01 -6.612594462827379616e+00
3.396157947829667023e+01 -7.839779942282810055e+00
3.628009306871091866e+01 -8.107656049656933206e+00
3.550125949736203523e+01 -9.307621005045060514e+00
3.832343749853452408e+01 -9.147920273081078690e+00
3.754053534698039840e+01 -1.039854132390592056e+01
3.730743170030977041e+01 -1.213486613614722209e+01
5.546766486712636279e+00 -1.084862575941681229e+01
1.221638977607731569e+01 -1.240614170974004438e+01
-4.426092700859511453e+00 -1.763314514417432832e+01
1.448677056771451177e+01 -1.275448991000095411e+01
1.262004551556974619e+01 -2.767522390519085462e+01
1.412562705532688767e+01 -2.755043809063052151e+01
1.141179973301362693e+01 -1.102370801280124013e+01
1.363477338702227648e+01 -2.939927286263232986e+01
1.482682189660001448e+01 -2.914069172563042187e+01
1.502259840626330245e+01 -3.107707002149952658e+01
1.618004688763325660e+01 -3.067778784816883686e+01
1.699363120642752278e+01 -3.285407923967860455e+01
1.797398980778866573e+01 -3.181160971728897380e+01
1.850274580811187164e+01 -3.458101566591051323e+01
1.952512499746169183e+01 -3.351749873611841224e+01
2.114621867220524365e+01 -3.286784677145615774e+01
-7.204015953307613351e+00 -6.848309995390272853e+00
-8.377785868995163199e+00 -1.297425248761665451e+01
-1.520510477344616529e+00 -1.178358970071865386e+01
-7.936202341064116261e+00 -9.157317244370004161e+00
-5.509889280514650878e+00 -1.556702393535755036e+01
-8.224719687760666531e+00 -1.453489861924938964e+01
-5.997099217572103846e+00 -1.727031254168678487e+01
-8.018659405753545855e+00 -1.646456765503075914e+01
-3.022720053660815420e+00 -2.748695271960487574e+01
-4.518582307498023809e+00 -2.812845666718627768e+01
-6.588411415649714442e+00 -1.361955148508341829e+01
-3.022379866992302766e+00 -2.968578185943503911e+01
-4.336439227529890417e+00 -2.994044673421775826e+01
-3.157818903393899479e+00 -3.202115795149619260e+01
-4.552946997256229089e+00 -3.205960246909662459e+01
-3.702076357031001130e+00 -3.479226825893533714e+01
-5.386148927111283236e+00 -3.433073274212051729e+01
-3.982967075464196149e+00 -3.704576816687210794e+01
-5.730884878595697174e+00 -3.668825326876828541e+01
-7.586508366220073185e+00 -3.698837245379444028e+01
-9.676007373118576282e+00 -6.229127951854453116e+00
-1.025558573234651227e+01 -1.119297770360711120e+01
-1.644908297239077299e+01 5.669103486395290048e+00
-9.624583604718866425e+00 -1.591268675598093552e+01
-2.617597175358122286e+01 -1.314507796922305971e+01
-2.588499060831972898e+01 -1.462920960667918813e+01
-9.917242013889657315e+00 -1.269062227332628545e+01
-2.775803169766669143e+01 -1.436741402971413351e+01
-2.737431686841787837e+01 -1.552230749275675947e+01
-2.921739773730193335e+01 -1.599512185593820668e+01
-2.874932506975821411e+01 -1.711955724941216772e+01
-3.075218509748550133e+01 -1.826583666811249529e+01
-2.960654554347242851e+01 -1.907032868667809922e+01
-3.224775983079580044e+01 -1.999477962316901269e+01
-3.109615364287904882e+01 -2.087649983791702724e+01
-3.030031710688202651e+01 -2.244273313974488104e+01
-1.086417499064100767e+01 2.152347127120477044e+00
-1.437797004877033480e+01 6.639700968784445045e+00
-1.600937763245673651e+01 7.235063278417438681e+00
-2.598956681057438445e+01 4.168833961576514646e+00
-2.649018296775464876e+01 5.717006165647634752e+00
-1.248269710372067465e+01 7.650957424590727030e+00
-2.817365883206243282e+01 4.329199693989018272e+00
-2.830917542062829995e+01 5.664196462874353521e+00
-3.047972512306323978e+01 4.677962312579348136e+00
-3.039019286019010480e+01 6.072255083219785021e+00
-3.314726382038135455e+01 5.479452464855663507e+00
-3.256051033159555885e+01 7.130782730111118184e+00
-3.532679531821194274e+01 5.947869534344686571e+00
-3.484817424938592723e+01 7.665688075849868888e+00
-3.502014876486774142e+01 9.542349414272271346e+00
2.403919255997751581e+00 -7.190231152403210313e-01
-5.036297431296117288e+00 4.936578385656919643e+00
-4.161288335462419496e+00 2.504405741127636809e+00
-2.675182151475082648e+00 8.067766161979175177e-01
-4.601303467696358673e+00 8.658548387221593146e+00
-3.362206249402097225e+00 6.611362402356305346e+00
-8.187895119648116449e+00 6.090911107851871620e+00
-6.923557444330932675e+00 4.237984416034401569e+00
-7.217766748170194369e+00 1.133907216398011997e+01
-1.044930495849079044e+01 8.160012226462333373e+00
5.175615430880567303e+00 6.601912389897159450e+00
4.558898816587579006e+00 4.092605532048560590e+00
3.804781058559370877e+00 2.006764460311129206e+00
3.158331794254830349e+00 9.592237635464627488e+00
3.106271437787680334e+00 6.905418361738754562e+00
7.717419866901991554e+00 8.142308032004979879e+00
7.014144075736957973e+00 6.029537867966900500e+00
6.052746467165933453e+00 1.283050057114357756e+01
9.851394947129261226e+00 1.021879087394204078e+01
9.558072336132642732e+00 5.344962745687277028e+00
7.600712264856371192e+00 3.774751114911037320e+00
1.230654634833934757e+01 7.138266741402587989e+00
7.907868277840927718e+00 -4.518953333539573514e+00
5.349493156304929720e+00 -4.180075958311641138e+00
3.791038878808296264e+00 -2.802692345090878501e+00
1.074756645816817269e+01 -2.436397620699991773e+00
7.977418390528888459e+00 -2.305270431401541753e+00
9.396018513196962019e+00 -6.922135923865024409e+00
7.309177405839287545e+00 -6.374801723734815795e+00
1.397843554784679299e+01 -5.110266226184045024e+00
1.137862849161382250e+01 -8.828161627890507290e+00
6.620849032775153020e+00 -8.936040259233939409e+00
5.115652658410428266e+00 -7.099070951070727276e+00
8.555623116851927890e+00 -1.127072796270945609e+01
-5.009462038701828490e+00 -6.139000341418383577e+00
-2.666995450448000682e+00 -4.894690835451783073e+00
-9.990870344863911345e-01 -3.606742630637668867e+00
-2.613592103188905114e+00 -1.004832002130969393e+01
-1.528700161108850208e+00 -7.723602022118797095e+00
-5.790543297099950415e+00 -8.955502103515456724e+00
-3.892414208540214471e+00 -7.696919859288443355e+00
-3.774625511236576525e+00 -1.318023693058349721e+01
-7.276392539180112529e+00 -1.156197885806657411e+01
-8.325055559602866140e+00 -4.892501803086156009e+00
-5.693466180029751023e+00 -4.042444302000781420e+00
-1.080586805295919461e+01 -8.465427367264267033e+00
-9.081997937459961534e+00 2.989644253127766049e+00
-6.830300409302702214e+00 1.830263179982750676e+00
-1.218052288266744121e+01 4.523817934906383620e+00
